0.95	0.14	0.87	1.56
0.95	0.14	0.87	1.56
0.95	0.14	0.87	1.56
0.95	0.14	0.87	1.56
0.97	0.33	2.04	1.77
0.97	0.33	2.04	1.77
0.97	0.33	2.04	1.77
0.97	0.33	2.04	1.77
1.03	0.28	1.97	1.85
1.03	0.28	1.97	1.85
1.03	0.28	1.97	1.85
1.03	0.28	1.97	1.85
1.01	0.29	1.92	2.47
1.01	0.29	1.92	2.47
1.01	0.29	1.92	2.47
1.01	0.29	1.92	2.47
0.96	0.27	3.33	1.82
0.96	0.27	3.33	1.82
0.96	0.27	3.33	1.82
0.96	0.27	3.33	1.82
4.50	0.32	5.69	1.94
4.50	0.32	5.69	1.94
4.50	0.32	5.69	1.94
4.50	0.32	5.69	1.94
17.43	0.40	1.38	6.63
17.43	0.40	1.38	6.63
17.43	0.40	1.38	6.63
17.43	0.40	1.38	6.63
2.17	3.17	1.52	1.96
2.17	3.17	1.52	1.96
2.17	3.17	1.52	1.96
2.17	3.17	1.52	1.96
2.08	4.84	1.35	3.54
2.08	4.84	1.35	3.54
2.08	4.84	1.35	3.54
2.08	4.84	1.35	3.54
2.24	0.18	2.75	3.71
2.24	0.18	2.75	3.71
2.24	0.18	2.75	3.71
2.24	0.18	2.75	3.71
2.53	0.13	15.34	10.80
2.53	0.13	15.34	10.80
2.53	0.13	15.34	10.80
2.53	0.13	15.34	10.80
1.74	0.17	1.59	5.24
1.74	0.17	1.59	5.24
1.74	0.17	1.59	5.24
1.74	0.17	1.59	5.24
0.98	0.64	2.20	13.08
0.98	0.64	2.20	13.08
0.98	0.64	2.20	13.08
0.98	0.64	2.20	13.08
1.14	0.13	11.23	1.54
1.14	0.13	11.23	1.54
1.14	0.13	11.23	1.54
1.14	0.13	11.23	1.54
2.06	0.37	3.49	1.84
2.06	0.37	3.49	1.84
2.06	0.37	3.49	1.84
2.06	0.37	3.49	1.84
1.12	0.13	1.51	1.28
1.12	0.13	1.51	1.28
1.12	0.13	1.51	1.28
1.12	0.13	1.51	1.28
1.10	0.17	1.46	0.84
1.10	0.17	1.46	0.84
1.10	0.17	1.46	0.84
1.10	0.17	1.46	0.84
3.41	0.95	4.24	1.21
3.41	0.95	4.24	1.21
3.41	0.95	4.24	1.21
3.41	0.95	4.24	1.21
2.18	0.14	2.57	1.07
2.18	0.14	2.57	1.07
2.18	0.14	2.57	1.07
2.18	0.14	2.57	1.07
1.34	0.09	1.44	1.11
1.34	0.09	1.44	1.11
1.34	0.09	1.44	1.11
1.34	0.09	1.44	1.11
2.31	0.09	1.39	1.19
2.31	0.09	1.39	1.19
2.31	0.09	1.39	1.19
2.31	0.09	1.39	1.19
1.33	0.09	1.42	1.17
1.33	0.09	1.42	1.17
1.33	0.09	1.42	1.17
1.33	0.09	1.42	1.17
1.39	0.08	1.32	1.08
1.39	0.08	1.32	1.08
1.39	0.08	1.32	1.08
1.39	0.08	1.32	1.08
1.37	0.08	1.32	1.10
1.37	0.08	1.32	1.10
1.37	0.08	1.32	1.10
1.37	0.08	1.32	1.10
1.36	0.24	2.95	1.86
1.36	0.24	2.95	1.86
1.36	0.24	2.95	1.86
1.36	0.24	2.95	1.86
1.29	0.23	4.06	2.25
1.29	0.23	4.06	2.25
1.29	0.23	4.06	2.25
1.29	0.23	4.06	2.25
1.22	0.15	1.74	1.69
1.22	0.15	1.74	1.69
1.22	0.15	1.74	1.69
1.22	0.15	1.74	1.69
1.97	0.14	1.67	1.83
1.97	0.14	1.67	1.83
1.97	0.14	1.67	1.83
1.97	0.14	1.67	1.83
1.07	0.15	1.67	1.43
1.07	0.15	1.67	1.43
1.07	0.15	1.67	1.43
1.07	0.15	1.67	1.43
1.12	0.15	1.61	1.11
1.12	0.15	1.61	1.11
1.12	0.15	1.61	1.11
1.12	0.15	1.61	1.11
0.97	0.14	1.59	1.77
0.97	0.14	1.59	1.77
0.97	0.14	1.59	1.77
0.97	0.14	1.59	1.77
0.86	0.14	1.64	1.85
0.86	0.14	1.64	1.85
0.86	0.14	1.64	1.85
0.86	0.14	1.64	1.85
0.83	0.14	2.25	3.87
0.83	0.14	2.25	3.87
0.83	0.14	2.25	3.87
0.83	0.14	2.25	3.87
3.07	0.22	1.76	2.23
3.07	0.22	1.76	2.23
3.07	0.22	1.76	2.23
3.07	0.22	1.76	2.23
1.68	0.14	1.57	1.15
1.68	0.14	1.57	1.15
1.68	0.14	1.57	1.15
1.68	0.14	1.57	1.15
1.51	0.14	1.63	1.25
1.51	0.14	1.63	1.25
1.51	0.14	1.63	1.25
1.51	0.14	1.63	1.25
2.28	0.11	1.49	1.81
2.28	0.11	1.49	1.81
2.28	0.11	1.49	1.81
2.28	0.11	1.49	1.81
1.54	0.13	1.15	1.46
1.54	0.13	1.15	1.46
1.54	0.13	1.15	1.46
1.54	0.13	1.15	1.46
1.86	0.13	1.10	1.35
1.86	0.13	1.10	1.35
1.86	0.13	1.10	1.35
1.86	0.13	1.10	1.35
2.07	0.31	2.57	1.98
2.07	0.31	2.57	1.98
2.07	0.31	2.57	1.98
2.07	0.31	2.57	1.98
1.68	0.29	2.49	2.05
1.68	0.29	2.49	2.05
1.68	0.29	2.49	2.05
1.68	0.29	2.49	2.05
2.24	0.30	2.48	2.01
2.24	0.30	2.48	2.01
2.24	0.30	2.48	2.01
2.24	0.30	2.48	2.01
1.76	0.29	2.95	2.15
1.76	0.29	2.95	2.15
1.76	0.29	2.95	2.15
1.76	0.29	2.95	2.15
3.56	0.12	1.66	1.80
3.56	0.12	1.66	1.80
3.56	0.12	1.66	1.80
3.56	0.12	1.66	1.80
1.68	0.12	1.13	1.79
1.68	0.12	1.13	1.79
1.68	0.12	1.13	1.79
1.68	0.12	1.13	1.79
1.42	0.14	1.30	3.54
1.42	0.14	1.30	3.54
1.42	0.14	1.30	3.54
1.42	0.14	1.30	3.54
1.03	0.13	0.87	2.11
1.03	0.13	0.87	2.11
1.03	0.13	0.87	2.11
1.03	0.13	0.87	2.11
1.47	0.13	0.90	1.77
1.47	0.13	0.90	1.77
1.47	0.13	0.90	1.77
1.47	0.13	0.90	1.77
1.00	0.28	1.88	2.21
1.00	0.28	1.88	2.21
1.00	0.28	1.88	2.21
1.00	0.28	1.88	2.21
2.34	0.30	2.23	1.82
2.34	0.30	2.23	1.82
2.34	0.30	2.23	1.82
2.34	0.30	2.23	1.82
2.82	0.35	4.43	1.89
2.82	0.35	4.43	1.89
2.82	0.35	4.43	1.89
2.82	0.35	4.43	1.89
0.71	0.11	0.81	1.43
0.71	0.11	0.81	1.43
0.71	0.11	0.81	1.43
0.71	0.11	0.81	1.43
0.74	0.05	0.60	1.04
0.74	0.05	0.60	1.04
0.74	0.05	0.60	1.04
0.74	0.05	0.60	1.04
1.37	0.04	0.56	1.01
1.37	0.04	0.56	1.01
1.37	0.04	0.56	1.01
1.37	0.04	0.56	1.01
1.30	0.14	1.37	1.53
1.30	0.14	1.37	1.53
1.30	0.14	1.37	1.53
1.30	0.14	1.37	1.53
1.44	0.16	1.40	1.39
1.44	0.16	1.40	1.39
1.44	0.16	1.40	1.39
1.44	0.16	1.40	1.39
4.93	0.32	5.33	2.08
4.93	0.32	5.33	2.08
4.93	0.32	5.33	2.08
4.93	0.32	5.33	2.08
8.98	0.20	1.64	1.03
8.98	0.20	1.64	1.03
8.98	0.20	1.64	1.03
8.98	0.20	1.64	1.03
4.25	2.13	1.76	3.64
4.25	2.13	1.76	3.64
4.25	2.13	1.76	3.64
4.25	2.13	1.76	3.64
1.07	0.20	1.52	1.91
1.07	0.20	1.52	1.91
1.07	0.20	1.52	1.91
1.07	0.20	1.52	1.91
0.98	0.16	1.40	1.05
0.98	0.16	1.40	1.05
0.98	0.16	1.40	1.05
0.98	0.16	1.40	1.05
19.35	0.23	10.08	1.07
19.35	0.23	10.08	1.07
19.35	0.23	10.08	1.07
19.35	0.23	10.08	1.07
19.60	0.15	1.91	1.04
19.60	0.15	1.91	1.04
19.60	0.15	1.91	1.04
19.60	0.15	1.91	1.04
4.80	0.14	1.30	9.27
4.80	0.14	1.30	9.27
4.80	0.14	1.30	9.27
4.80	0.14	1.30	9.27
3.23	1.88	1.53	12.73
3.23	1.88	1.53	12.73
3.23	1.88	1.53	12.73
3.23	1.88	1.53	12.73
1.53	0.12	3.50	1.58
1.53	0.12	3.50	1.58
1.53	0.12	3.50	1.58
1.53	0.12	3.50	1.58
2.05	0.09	2.74	1.21
2.05	0.09	2.74	1.21
2.05	0.09	2.74	1.21
2.05	0.09	2.74	1.21
1.02	0.12	1.52	1.48
1.02	0.12	1.52	1.48
1.02	0.12	1.52	1.48
1.02	0.12	1.52	1.48
1.27	0.15	1.39	0.92
1.27	0.15	1.39	0.92
1.27	0.15	1.39	0.92
1.27	0.15	1.39	0.92
0.95	0.84	3.78	0.79
0.95	0.84	3.78	0.79
0.95	0.84	3.78	0.79
0.95	0.84	3.78	0.79
1.46	0.12	1.55	1.29
1.46	0.12	1.55	1.29
1.46	0.12	1.55	1.29
1.46	0.12	1.55	1.29
1.35	0.09	1.41	1.68
1.35	0.09	1.41	1.68
1.35	0.09	1.41	1.68
1.35	0.09	1.41	1.68
1.37	0.08	1.38	1.18
1.37	0.08	1.38	1.18
1.37	0.08	1.38	1.18
1.37	0.08	1.38	1.18
4.42	0.08	1.33	0.97
4.42	0.08	1.33	0.97
4.42	0.08	1.33	0.97
4.42	0.08	1.33	0.97
1.47	0.06	1.25	1.15
1.47	0.06	1.25	1.15
1.47	0.06	1.25	1.15
1.47	0.06	1.25	1.15
1.29	0.08	2.83	1.19
1.29	0.08	2.83	1.19
1.29	0.08	2.83	1.19
1.29	0.08	2.83	1.19
1.49	0.71	5.13	1.48
1.49	0.71	5.13	1.48
1.49	0.71	5.13	1.48
1.49	0.71	5.13	1.48
4.99	0.44	4.24	2.15
4.99	0.44	4.24	2.15
4.99	0.44	4.24	2.15
4.99	0.44	4.24	2.15
3.50	0.14	1.58	1.77
3.50	0.14	1.58	1.77
3.50	0.14	1.58	1.77
3.50	0.14	1.58	1.77
1.39	0.14	1.75	1.57
1.39	0.14	1.75	1.57
1.39	0.14	1.75	1.57
1.39	0.14	1.75	1.57
3.69	0.15	1.61	1.25
3.69	0.15	1.61	1.25
3.69	0.15	1.61	1.25
3.69	0.15	1.61	1.25
0.92	0.16	1.60	1.23
0.92	0.16	1.60	1.23
0.92	0.16	1.60	1.23
0.92	0.16	1.60	1.23
1.07	0.12	1.74	2.06
1.07	0.12	1.74	2.06
1.07	0.12	1.74	2.06
1.07	0.12	1.74	2.06
1.14	0.12	1.60	1.67
1.14	0.12	1.60	1.67
1.14	0.12	1.60	1.67
1.14	0.12	1.60	1.67
3.53	0.12	1.59	1.79
3.53	0.12	1.59	1.79
3.53	0.12	1.59	1.79
3.53	0.12	1.59	1.79
2.73	0.18	1.77	2.08
2.73	0.18	1.77	2.08
2.73	0.18	1.77	2.08
2.73	0.18	1.77	2.08
1.32	0.13	1.57	2.77
1.32	0.13	1.57	2.77
1.32	0.13	1.57	2.77
1.32	0.13	1.57	2.77
1.31	0.14	1.66	1.73
1.31	0.14	1.66	1.73
1.31	0.14	1.66	1.73
1.31	0.14	1.66	1.73
2.14	0.11	1.80	1.92
2.14	0.11	1.80	1.92
2.14	0.11	1.80	1.92
2.14	0.11	1.80	1.92
1.74	0.16	1.20	1.69
1.74	0.16	1.20	1.69
1.74	0.16	1.20	1.69
1.74	0.16	1.20	1.69
1.50	0.14	1.11	1.26
1.50	0.14	1.11	1.26
1.50	0.14	1.11	1.26
1.50	0.14	1.11	1.26
1.47	0.14	1.14	1.38
1.47	0.14	1.14	1.38
1.47	0.14	1.14	1.38
1.47	0.14	1.14	1.38
1.48	0.44	2.71	2.00
1.48	0.44	2.71	2.00
1.48	0.44	2.71	2.00
1.48	0.44	2.71	2.00
1.69	0.44	2.63	1.97
1.69	0.44	2.63	1.97
1.69	0.44	2.63	1.97
1.69	0.44	2.63	1.97
1.35	0.31	2.61	1.92
1.35	0.31	2.61	1.92
1.35	0.31	2.61	1.92
1.35	0.31	2.61	1.92
1.35	0.36	2.63	1.95
1.35	0.36	2.63	1.95
1.35	0.36	2.63	1.95
1.35	0.36	2.63	1.95
1.36	0.32	2.73	2.04
1.36	0.32	2.73	2.04
1.36	0.32	2.73	2.04
1.36	0.32	2.73	2.04
1.40	0.34	2.75	2.33
1.40	0.34	2.75	2.33
1.40	0.34	2.75	2.33
1.40	0.34	2.75	2.33
1.46	0.31	2.66	2.15
1.46	0.31	2.66	2.15
1.46	0.31	2.66	2.15
1.46	0.31	2.66	2.15
0.82	0.28	1.90	2.03
0.82	0.28	1.90	2.03
0.82	0.28	1.90	2.03
0.82	0.28	1.90	2.03
1.16	0.32	2.00	1.92
1.16	0.32	2.00	1.92
1.16	0.32	2.00	1.92
1.16	0.32	2.00	1.92
1.09	0.30	2.37	1.76
1.09	0.30	2.37	1.76
1.09	0.30	2.37	1.76
1.09	0.30	2.37	1.76
2.49	0.35	3.73	2.03
2.49	0.35	3.73	2.03
2.49	0.35	3.73	2.03
2.49	0.35	3.73	2.03
0.76	0.11	0.82	1.69
0.76	0.11	0.82	1.69
0.76	0.11	0.82	1.69
0.76	0.11	0.82	1.69
0.75	0.05	0.60	1.56
0.75	0.05	0.60	1.56
0.75	0.05	0.60	1.56
0.75	0.05	0.60	1.56
0.74	0.04	0.58	1.55
0.74	0.04	0.58	1.55
0.74	0.04	0.58	1.55
0.74	0.04	0.58	1.55
0.73	0.16	1.45	1.43
0.73	0.16	1.45	1.43
0.73	0.16	1.45	1.43
0.73	0.16	1.45	1.43
0.87	0.23	1.54	1.50
0.87	0.23	1.54	1.50
0.87	0.23	1.54	1.50
0.87	0.23	1.54	1.50
0.73	0.18	2.94	1.89
0.73	0.18	2.94	1.89
0.73	0.18	2.94	1.89
0.73	0.18	2.94	1.89
1.77	0.17	1.45	1.56
1.77	0.17	1.45	1.56
1.77	0.17	1.45	1.56
1.77	0.17	1.45	1.56
1.40	0.15	2.89	1.68
1.40	0.15	2.89	1.68
1.40	0.15	2.89	1.68
1.40	0.15	2.89	1.68
11.82	0.18	3.44	4.01
11.82	0.18	3.44	4.01
11.82	0.18	3.44	4.01
11.82	0.18	3.44	4.01
20.12	0.31	3.51	2.87
20.12	0.31	3.51	2.87
20.12	0.31	3.51	2.87
20.12	0.31	3.51	2.87
1.02	4.34	1.91	2.22
1.02	4.34	1.91	2.22
1.02	4.34	1.91	2.22
1.02	4.34	1.91	2.22
1.11	0.14	1.31	13.97
1.11	0.14	1.31	13.97
1.11	0.14	1.31	13.97
1.11	0.14	1.31	13.97
1.73	0.26	1.45	17.95
1.73	0.26	1.45	17.95
1.73	0.26	1.45	17.95
1.73	0.26	1.45	17.95
2.23	0.47	1.84	10.81
2.23	0.47	1.84	10.81
2.23	0.47	1.84	10.81
2.23	0.47	1.84	10.81
0.99	1.11	1.70	18.08
0.99	1.11	1.70	18.08
0.99	1.11	1.70	18.08
0.99	1.11	1.70	18.08
15.78	0.56	2.80	2.35
15.78	0.56	2.80	2.35
15.78	0.56	2.80	2.35
15.78	0.56	2.80	2.35
3.85	0.12	2.17	2.13
3.85	0.12	2.17	2.13
3.85	0.12	2.17	2.13
3.85	0.12	2.17	2.13
1.26	0.12	2.56	2.07
1.26	0.12	2.56	2.07
1.26	0.12	2.56	2.07
1.26	0.12	2.56	2.07
10.56	0.12	1.95	0.83
10.56	0.12	1.95	0.83
10.56	0.12	1.95	0.83
10.56	0.12	1.95	0.83
27.96	2.08	7.25	4.56
27.96	2.08	7.25	4.56
27.96	2.08	7.25	4.56
27.96	2.08	7.25	4.56
28.26	18.13	16.33	1.51
28.26	18.13	16.33	1.51
28.26	18.13	16.33	1.51
28.26	18.13	16.33	1.51
5.06	0.20	3.23	2.67
5.06	0.20	3.23	2.67
5.06	0.20	3.23	2.67
5.06	0.20	3.23	2.67
0.59	0.18	1.34	2.21
0.59	0.18	1.34	2.21
0.59	0.18	1.34	2.21
0.59	0.18	1.34	2.21
1.77	0.14	2.04	2.83
1.77	0.14	2.04	2.83
1.77	0.14	2.04	2.83
1.77	0.14	2.04	2.83
13.04	0.24	4.08	1.32
13.04	0.24	4.08	1.32
13.04	0.24	4.08	1.32
13.04	0.24	4.08	1.32
1.06	0.15	0.28	14.85
1.06	0.15	0.28	14.85
1.06	0.15	0.28	14.85
1.06	0.15	0.28	14.85
0.83	0.30	0.27	16.20
0.83	0.30	0.27	16.20
0.83	0.30	0.27	16.20
0.83	0.30	0.27	16.20
0.71	0.35	0.27	15.79
0.71	0.35	0.27	15.79
0.71	0.35	0.27	15.79
0.71	0.35	0.27	15.79
0.82	0.30	0.26	16.00
0.82	0.30	0.26	16.00
0.82	0.30	0.26	16.00
0.82	0.30	0.26	16.00
0.68	0.33	0.29	15.98
0.68	0.33	0.29	15.98
0.68	0.33	0.29	15.98
0.68	0.33	0.29	15.98
0.64	0.30	0.28	15.79
0.64	0.30	0.28	15.79
0.64	0.30	0.28	15.79
0.64	0.30	0.28	15.79
0.71	0.20	0.24	16.34
0.71	0.20	0.24	16.34
0.71	0.20	0.24	16.34
0.71	0.20	0.24	16.34
0.45	0.29	0.23	16.24
0.45	0.29	0.23	16.24
0.45	0.29	0.23	16.24
0.45	0.29	0.23	16.24
0.61	0.29	0.27	16.13
0.61	0.29	0.27	16.13
0.61	0.29	0.27	16.13
0.61	0.29	0.27	16.13
0.78	0.40	0.23	15.85
0.78	0.40	0.23	15.85
0.78	0.40	0.23	15.85
0.78	0.40	0.23	15.85
0.90	0.15	0.23	15.98
0.90	0.15	0.23	15.98
0.90	0.15	0.23	15.98
0.90	0.15	0.23	15.98
0.89	0.16	0.23	16.24
0.89	0.16	0.23	16.24
0.89	0.16	0.23	16.24
0.89	0.16	0.23	16.24
0.64	0.16	0.23	16.45
0.64	0.16	0.23	16.45
0.64	0.16	0.23	16.45
0.64	0.16	0.23	16.45
0.55	0.29	0.25	15.80
0.55	0.29	0.25	15.80
0.55	0.29	0.25	15.80
0.55	0.29	0.25	15.80
0.92	0.17	0.24	16.32
0.92	0.17	0.24	16.32
0.92	0.17	0.24	16.32
0.92	0.17	0.24	16.32
0.77	0.16	0.23	16.32
0.77	0.16	0.23	16.32
0.77	0.16	0.23	16.32
0.77	0.16	0.23	16.32
0.47	0.28	0.23	15.71
0.47	0.28	0.23	15.71
0.47	0.28	0.23	15.71
0.47	0.28	0.23	15.71
0.58	0.16	0.21	16.27
0.58	0.16	0.21	16.27
0.58	0.16	0.21	16.27
0.58	0.16	0.21	16.27
0.57	0.30	0.22	16.14
0.57	0.30	0.22	16.14
0.57	0.30	0.22	16.14
0.57	0.30	0.22	16.14
0.45	0.26	0.21	16.61
0.45	0.26	0.21	16.61
0.45	0.26	0.21	16.61
0.45	0.26	0.21	16.61
0.97	0.45	0.61	15.39
0.97	0.45	0.61	15.39
0.97	0.45	0.61	15.39
0.97	0.45	0.61	15.39
1.20	0.36	0.54	15.62
1.20	0.36	0.54	15.62
1.20	0.36	0.54	15.62
1.20	0.36	0.54	15.62
1.21	0.33	0.51	15.40
1.21	0.33	0.51	15.40
1.21	0.33	0.51	15.40
1.21	0.33	0.51	15.40
6.35	0.33	1.76	9.23
6.35	0.33	1.76	9.23
6.35	0.33	1.76	9.23
6.35	0.33	1.76	9.23
0.51	0.29	1.73	14.76
0.51	0.29	1.73	14.76
0.51	0.29	1.73	14.76
0.51	0.29	1.73	14.76
2.67	0.28	2.00	3.66
2.67	0.28	2.00	3.66
2.67	0.28	2.00	3.66
2.67	0.28	2.00	3.66
9.46	0.47	10.07	1.58
9.46	0.47	10.07	1.58
9.46	0.47	10.07	1.58
9.46	0.47	10.07	1.58
2.00	0.41	0.85	11.45
2.00	0.41	0.85	11.45
2.00	0.41	0.85	11.45
2.00	0.41	0.85	11.45
2.12	0.58	0.86	14.36
2.12	0.58	0.86	14.36
2.12	0.58	0.86	14.36
2.12	0.58	0.86	14.36
2.09	0.57	0.85	14.43
2.09	0.57	0.85	14.43
2.09	0.57	0.85	14.43
2.09	0.57	0.85	14.43
2.04	0.56	0.90	14.47
2.04	0.56	0.90	14.47
2.04	0.56	0.90	14.47
2.04	0.56	0.90	14.47
2.08	0.55	0.84	14.41
2.08	0.55	0.84	14.41
2.08	0.55	0.84	14.41
2.08	0.55	0.84	14.41
2.02	0.53	0.84	14.51
2.02	0.53	0.84	14.51
2.02	0.53	0.84	14.51
2.02	0.53	0.84	14.51
1.46	0.78	0.87	14.83
1.46	0.78	0.87	14.83
1.46	0.78	0.87	14.83
1.46	0.78	0.87	14.83
1.48	0.57	0.88	15.29
1.48	0.57	0.88	15.29
1.48	0.57	0.88	15.29
1.48	0.57	0.88	15.29
1.34	0.78	0.93	14.65
1.34	0.78	0.93	14.65
1.34	0.78	0.93	14.65
1.34	0.78	0.93	14.65
1.39	0.55	0.87	15.23
1.39	0.55	0.87	15.23
1.39	0.55	0.87	15.23
1.39	0.55	0.87	15.23
1.39	0.56	0.88	14.71
1.39	0.56	0.88	14.71
1.39	0.56	0.88	14.71
1.39	0.56	0.88	14.71
1.39	0.52	0.86	15.37
1.39	0.52	0.86	15.37
1.39	0.52	0.86	15.37
1.39	0.52	0.86	15.37
1.42	0.54	0.84	15.05
1.42	0.54	0.84	15.05
1.42	0.54	0.84	15.05
1.42	0.54	0.84	15.05
1.59	0.58	0.87	14.95
1.59	0.58	0.87	14.95
1.59	0.58	0.87	14.95
1.59	0.58	0.87	14.95
1.39	0.55	0.85	15.21
1.39	0.55	0.85	15.21
1.39	0.55	0.85	15.21
1.39	0.55	0.85	15.21
1.38	0.58	0.90	15.09
1.38	0.58	0.90	15.09
1.38	0.58	0.90	15.09
1.38	0.58	0.90	15.09
1.57	0.56	0.86	14.84
1.57	0.56	0.86	14.84
1.57	0.56	0.86	14.84
1.57	0.56	0.86	14.84
1.42	0.52	0.86	15.34
1.42	0.52	0.86	15.34
1.42	0.52	0.86	15.34
1.42	0.52	0.86	15.34
1.52	0.54	0.83	15.17
1.52	0.54	0.83	15.17
1.52	0.54	0.83	15.17
1.52	0.54	0.83	15.17
1.59	0.60	0.83	15.52
1.59	0.60	0.83	15.52
1.59	0.60	0.83	15.52
1.59	0.60	0.83	15.52
2.05	0.67	0.89	14.30
2.05	0.67	0.89	14.30
2.05	0.67	0.89	14.30
2.05	0.67	0.89	14.30
1.44	0.51	0.85	14.98
1.44	0.51	0.85	14.98
1.44	0.51	0.85	14.98
1.44	0.51	0.85	14.98
1.38	0.69	0.80	15.02
1.38	0.69	0.80	15.02
1.38	0.69	0.80	15.02
1.38	0.69	0.80	15.02
1.69	0.47	2.64	13.35
1.69	0.47	2.64	13.35
1.69	0.47	2.64	13.35
1.69	0.47	2.64	13.35
1.37	0.40	2.65	13.59
1.37	0.40	2.65	13.59
1.37	0.40	2.65	13.59
1.37	0.40	2.65	13.59
1.35	0.61	2.79	12.52
1.35	0.61	2.79	12.52
1.35	0.61	2.79	12.52
1.35	0.61	2.79	12.52
3.29	1.18	3.10	2.12
3.29	1.18	3.10	2.12
3.29	1.18	3.10	2.12
3.29	1.18	3.10	2.12
4.60	0.30	2.97	2.71
4.60	0.30	2.97	2.71
4.60	0.30	2.97	2.71
4.60	0.30	2.97	2.71
50.00	4.05	20.64	1.56
50.00	4.05	20.64	1.56
50.00	4.05	20.64	1.56
50.00	4.05	20.64	1.56
23.71	0.73	7.88	4.07
23.71	0.73	7.88	4.07
23.71	0.73	7.88	4.07
23.71	0.73	7.88	4.07
7.53	0.51	3.35	12.59
7.53	0.51	3.35	12.59
7.53	0.51	3.35	12.59
7.53	0.51	3.35	12.59
3.11	0.54	2.75	13.28
3.11	0.54	2.75	13.28
3.11	0.54	2.75	13.28
3.11	0.54	2.75	13.28
3.08	0.52	2.72	13.18
3.08	0.52	2.72	13.18
3.08	0.52	2.72	13.18
3.08	0.52	2.72	13.18
3.11	0.51	2.63	13.30
3.11	0.51	2.63	13.30
3.11	0.51	2.63	13.30
3.11	0.51	2.63	13.30
3.05	0.53	2.92	13.13
3.05	0.53	2.92	13.13
3.05	0.53	2.92	13.13
3.05	0.53	2.92	13.13
3.03	0.50	2.65	13.40
3.03	0.50	2.65	13.40
3.03	0.50	2.65	13.40
3.03	0.50	2.65	13.40
3.11	0.51	2.65	13.16
3.11	0.51	2.65	13.16
3.11	0.51	2.65	13.16
3.11	0.51	2.65	13.16
3.19	0.51	2.62	13.61
3.19	0.51	2.62	13.61
3.19	0.51	2.62	13.61
3.19	0.51	2.62	13.61
3.08	0.52	0.86	15.03
3.08	0.52	0.86	15.03
3.08	0.52	0.86	15.03
3.08	0.52	0.86	15.03
3.27	0.52	0.87	14.89
3.27	0.52	0.87	14.89
3.27	0.52	0.87	14.89
3.27	0.52	0.87	14.89
3.23	0.52	0.89	16.43
3.23	0.52	0.89	16.43
3.23	0.52	0.89	16.43
3.23	0.52	0.89	16.43
3.00	1.05	1.92	13.69
3.00	1.05	1.92	13.69
3.00	1.05	1.92	13.69
3.00	1.05	1.92	13.69
6.55	1.03	1.91	13.34
6.55	1.03	1.91	13.34
6.55	1.03	1.91	13.34
6.55	1.03	1.91	13.34
6.52	1.53	2.66	12.38
6.52	1.53	2.66	12.38
6.52	1.53	2.66	12.38
6.52	1.53	2.66	12.38
7.99	1.34	2.49	12.89
7.99	1.34	2.49	12.89
7.99	1.34	2.49	12.89
7.99	1.34	2.49	12.89
8.13	1.33	2.59	12.09
8.13	1.33	2.59	12.09
8.13	1.33	2.59	12.09
8.13	1.33	2.59	12.09
8.38	1.51	2.60	10.87
8.38	1.51	2.60	10.87
8.38	1.51	2.60	10.87
8.38	1.51	2.60	10.87
8.28	0.74	1.32	14.40
8.28	0.74	1.32	14.40
8.28	0.74	1.32	14.40
8.28	0.74	1.32	14.40
4.43	1.00	1.05	14.67
4.43	1.00	1.05	14.67
4.43	1.00	1.05	14.67
4.43	1.00	1.05	14.67
15.38	0.93	8.23	7.24
15.38	0.93	8.23	7.24
15.38	0.93	8.23	7.24
15.38	0.93	8.23	7.24
10.59	0.53	3.82	4.22
10.59	0.53	3.82	4.22
10.59	0.53	3.82	4.22
10.59	0.53	3.82	4.22
19.84	0.14	1.42	1.06
19.84	0.14	1.42	1.06
19.84	0.14	1.42	1.06
19.84	0.14	1.42	1.06
1.31	0.16	2.06	0.87
1.31	0.16	2.06	0.87
1.31	0.16	2.06	0.87
1.31	0.16	2.06	0.87
5.26	0.28	2.02	1.14
5.26	0.28	2.02	1.14
5.26	0.28	2.02	1.14
5.26	0.28	2.02	1.14
10.40	14.82	14.31	1.19
10.40	14.82	14.31	1.19
10.40	14.82	14.31	1.19
10.40	14.82	14.31	1.19
11.31	0.19	4.55	1.74
11.31	0.19	4.55	1.74
11.31	0.19	4.55	1.74
11.31	0.19	4.55	1.74
49.11	0.44	3.33	2.17
49.11	0.44	3.33	2.17
49.11	0.44	3.33	2.17
49.11	0.44	3.33	2.17
2.77	0.26	2.95	3.40
2.77	0.26	2.95	3.40
2.77	0.26	2.95	3.40
2.77	0.26	2.95	3.40
8.02	0.38	6.30	4.00
8.02	0.38	6.30	4.00
8.02	0.38	6.30	4.00
8.02	0.38	6.30	4.00
50.00	0.12	0.37	3.49
50.00	0.12	0.37	3.49
50.00	0.12	0.37	3.49
50.00	0.12	0.37	3.49
8.15	0.23	2.38	0.97
8.15	0.23	2.38	0.97
8.15	0.23	2.38	0.97
8.15	0.23	2.38	0.97
19.67	11.21	12.00	1.46
19.67	11.21	12.00	1.46
19.67	11.21	12.00	1.46
19.67	11.21	12.00	1.46
11.57	0.20	3.26	1.48
11.57	0.20	3.26	1.48
11.57	0.20	3.26	1.48
11.57	0.20	3.26	1.48
0.45	0.16	1.24	1.22
0.45	0.16	1.24	1.22
0.45	0.16	1.24	1.22
0.45	0.16	1.24	1.22
1.87	0.15	2.55	1.61
1.87	0.15	2.55	1.61
1.87	0.15	2.55	1.61
1.87	0.15	2.55	1.61
9.40	0.13	2.09	0.83
9.40	0.13	2.09	0.83
9.40	0.13	2.09	0.83
9.40	0.13	2.09	0.83
12.43	0.19	2.08	2.30
12.43	0.19	2.08	2.30
12.43	0.19	2.08	2.30
12.43	0.19	2.08	2.30
13.60	26.99	25.43	3.25
13.60	26.99	25.43	3.25
13.60	26.99	25.43	3.25
13.60	26.99	25.43	3.25
11.00	0.23	3.32	7.38
11.00	0.23	3.32	7.38
11.00	0.23	3.32	7.38
11.00	0.23	3.32	7.38
1.03	0.43	2.69	5.16
1.03	0.43	2.69	5.16
1.03	0.43	2.69	5.16
1.03	0.43	2.69	5.16
4.78	0.36	3.28	3.31
4.78	0.36	3.28	3.31
4.78	0.36	3.28	3.31
4.78	0.36	3.28	3.31
2.74	0.27	3.07	3.02
2.74	0.27	3.07	3.02
2.74	0.27	3.07	3.02
2.74	0.27	3.07	3.02
2.82	0.28	2.70	3.22
2.82	0.28	2.70	3.22
2.82	0.28	2.70	3.22
2.82	0.28	2.70	3.22
3.15	0.27	3.21	3.66
3.15	0.27	3.21	3.66
3.15	0.27	3.21	3.66
3.15	0.27	3.21	3.66
2.78	0.26	3.03	2.63
2.78	0.26	3.03	2.63
2.78	0.26	3.03	2.63
2.78	0.26	3.03	2.63
3.04	0.27	2.93	3.96
3.04	0.27	2.93	3.96
3.04	0.27	2.93	3.96
3.04	0.27	2.93	3.96
2.74	0.27	2.67	2.80
2.74	0.27	2.67	2.80
2.74	0.27	2.67	2.80
2.74	0.27	2.67	2.80
2.96	0.28	2.55	2.96
2.96	0.28	2.55	2.96
2.96	0.28	2.55	2.96
2.96	0.28	2.55	2.96
6.84	0.31	3.00	2.80
6.84	0.31	3.00	2.80
6.84	0.31	3.00	2.80
6.84	0.31	3.00	2.80
4.26	0.31	2.79	2.70
4.26	0.31	2.79	2.70
4.26	0.31	2.79	2.70
4.26	0.31	2.79	2.70
9.38	0.00	2.42	2.81
9.38	0.00	2.42	2.81
9.38	0.00	2.42	2.81
9.38	0.00	2.42	2.81
4.04	0.24	6.12	2.21
4.04	0.24	6.12	2.21
4.04	0.24	6.12	2.21
4.04	0.24	6.12	2.21
9.98	0.18	3.06	2.96
9.98	0.18	3.06	2.96
9.98	0.18	3.06	2.96
9.98	0.18	3.06	2.96
17.61	0.47	5.45	2.44
17.61	0.47	5.45	2.44
17.61	0.47	5.45	2.44
17.61	0.47	5.45	2.44
2.92	0.29	2.62	3.04
2.92	0.29	2.62	3.04
2.92	0.29	2.62	3.04
2.92	0.29	2.62	3.04
31.72	13.17	11.35	2.57
31.72	13.17	11.35	2.57
31.72	13.17	11.35	2.57
31.72	13.17	11.35	2.57
5.50	1.99	3.10	2.36
5.50	1.99	3.10	2.36
5.50	1.99	3.10	2.36
5.50	1.99	3.10	2.36
3.19	0.15	3.21	3.67
3.19	0.15	3.21	3.67
3.19	0.15	3.21	3.67
3.19	0.15	3.21	3.67
14.71	4.73	1.00	1.80
14.71	4.73	1.00	1.80
14.71	4.73	1.00	1.80
14.71	4.73	1.00	1.80
1.81	0.12	1.98	2.77
1.81	0.12	1.98	2.77
1.81	0.12	1.98	2.77
1.81	0.12	1.98	2.77
3.16	0.24	0.80	2.94
3.16	0.24	0.80	2.94
3.16	0.24	0.80	2.94
3.16	0.24	0.80	2.94
11.72	2.21	0.92	2.92
11.72	2.21	0.92	2.92
11.72	2.21	0.92	2.92
11.72	2.21	0.92	2.92
1.68	0.12	2.02	2.85
1.68	0.12	2.02	2.85
1.68	0.12	2.02	2.85
1.68	0.12	2.02	2.85
1.36	0.17	0.77	2.90
1.36	0.17	0.77	2.90
1.36	0.17	0.77	2.90
1.36	0.17	0.77	2.90
12.35	2.36	0.97	2.69
12.35	2.36	0.97	2.69
12.35	2.36	0.97	2.69
12.35	2.36	0.97	2.69
2.05	0.13	2.01	2.64
2.05	0.13	2.01	2.64
2.05	0.13	2.01	2.64
2.05	0.13	2.01	2.64
25.76	2.45	1.03	2.00
25.76	2.45	1.03	2.00
25.76	2.45	1.03	2.00
25.76	2.45	1.03	2.00
2.16	0.15	0.87	3.12
2.16	0.15	0.87	3.12
2.16	0.15	0.87	3.12
2.16	0.15	0.87	3.12
27.24	2.20	1.15	1.80
27.24	2.20	1.15	1.80
27.24	2.20	1.15	1.80
27.24	2.20	1.15	1.80
1.80	0.12	1.85	2.36
1.80	0.12	1.85	2.36
1.80	0.12	1.85	2.36
1.80	0.12	1.85	2.36
35.62	2.86	1.28	3.26
35.62	2.86	1.28	3.26
35.62	2.86	1.28	3.26
35.62	2.86	1.28	3.26
2.81	0.19	1.09	3.51
2.81	0.19	1.09	3.51
2.81	0.19	1.09	3.51
2.81	0.19	1.09	3.51
1.71	0.22	1.08	3.18
1.71	0.22	1.08	3.18
1.71	0.22	1.08	3.18
1.71	0.22	1.08	3.18
20.45	2.77	1.38	3.02
20.45	2.77	1.38	3.02
20.45	2.77	1.38	3.02
20.45	2.77	1.38	3.02
2.23	0.16	0.91	2.73
2.23	0.16	0.91	2.73
2.23	0.16	0.91	2.73
2.23	0.16	0.91	2.73
36.30	3.01	1.28	3.22
36.30	3.01	1.28	3.22
36.30	3.01	1.28	3.22
36.30	3.01	1.28	3.22
3.77	0.24	1.57	3.57
3.77	0.24	1.57	3.57
3.77	0.24	1.57	3.57
3.77	0.24	1.57	3.57
2.41	0.21	1.08	3.38
2.41	0.21	1.08	3.38
2.41	0.21	1.08	3.38
2.41	0.21	1.08	3.38
23.60	3.12	1.21	3.05
23.60	3.12	1.21	3.05
23.60	3.12	1.21	3.05
23.60	3.12	1.21	3.05
2.04	0.14	2.16	3.15
2.04	0.14	2.16	3.15
2.04	0.14	2.16	3.15
2.04	0.14	2.16	3.15
1.52	0.23	0.97	3.73
1.52	0.23	0.97	3.73
1.52	0.23	0.97	3.73
1.52	0.23	0.97	3.73
12.37	2.08	0.96	2.89
12.37	2.08	0.96	2.89
12.37	2.08	0.96	2.89
12.37	2.08	0.96	2.89
2.24	0.14	1.99	2.73
2.24	0.14	1.99	2.73
2.24	0.14	1.99	2.73
2.24	0.14	1.99	2.73
1.44	0.22	0.98	3.35
1.44	0.22	0.98	3.35
1.44	0.22	0.98	3.35
1.44	0.22	0.98	3.35
22.00	2.78	1.36	3.05
22.00	2.78	1.36	3.05
22.00	2.78	1.36	3.05
22.00	2.78	1.36	3.05
3.13	0.25	0.98	13.04
3.13	0.25	0.98	13.04
3.13	0.25	0.98	13.04
3.13	0.25	0.98	13.04
4.11	0.30	0.97	12.00
4.11	0.30	0.97	12.00
4.11	0.30	0.97	12.00
4.11	0.30	0.97	12.00
0.59	0.17	0.75	15.97
0.59	0.17	0.75	15.97
0.59	0.17	0.75	15.97
0.59	0.17	0.75	15.97
2.06	0.64	3.04	4.46
2.06	0.64	3.04	4.46
2.06	0.64	3.04	4.46
2.06	0.64	3.04	4.46
2.19	0.53	2.86	3.07
2.19	0.53	2.86	3.07
2.19	0.53	2.86	3.07
2.19	0.53	2.86	3.07
1.98	0.54	2.82	2.86
1.98	0.54	2.82	2.86
1.98	0.54	2.82	2.86
1.98	0.54	2.82	2.86
2.02	0.51	2.67	2.65
2.02	0.51	2.67	2.65
2.02	0.51	2.67	2.65
2.02	0.51	2.67	2.65
1.90	0.63	2.75	2.54
1.90	0.63	2.75	2.54
1.90	0.63	2.75	2.54
1.90	0.63	2.75	2.54
1.89	0.53	2.70	3.21
1.89	0.53	2.70	3.21
1.89	0.53	2.70	3.21
1.89	0.53	2.70	3.21
1.87	0.54	2.70	2.82
1.87	0.54	2.70	2.82
1.87	0.54	2.70	2.82
1.87	0.54	2.70	2.82
1.88	0.62	2.82	2.81
1.88	0.62	2.82	2.81
1.88	0.62	2.82	2.81
1.88	0.62	2.82	2.81
1.85	0.54	2.69	2.61
1.85	0.54	2.69	2.61
1.85	0.54	2.69	2.61
1.85	0.54	2.69	2.61
2.10	0.53	2.87	2.59
2.10	0.53	2.87	2.59
2.10	0.53	2.87	2.59
2.10	0.53	2.87	2.59
1.87	0.57	2.92	3.26
1.87	0.57	2.92	3.26
1.87	0.57	2.92	3.26
1.87	0.57	2.92	3.26
1.86	0.52	2.70	2.84
1.86	0.52	2.70	2.84
1.86	0.52	2.70	2.84
1.86	0.52	2.70	2.84
1.93	0.54	2.73	2.50
1.93	0.54	2.73	2.50
1.93	0.54	2.73	2.50
1.93	0.54	2.73	2.50
1.92	0.52	2.86	2.98
1.92	0.52	2.86	2.98
1.92	0.52	2.86	2.98
1.92	0.52	2.86	2.98
2.00	0.52	2.90	3.23
2.00	0.52	2.90	3.23
2.00	0.52	2.90	3.23
2.00	0.52	2.90	3.23
1.87	0.52	2.72	2.58
1.87	0.52	2.72	2.58
1.87	0.52	2.72	2.58
1.87	0.52	2.72	2.58
1.35	0.56	2.84	2.74
1.35	0.56	2.84	2.74
1.35	0.56	2.84	2.74
1.35	0.56	2.84	2.74
7.70	0.65	4.96	2.72
7.70	0.65	4.96	2.72
7.70	0.65	4.96	2.72
7.70	0.65	4.96	2.72
4.28	0.61	3.18	2.51
4.28	0.61	3.18	2.51
4.28	0.61	3.18	2.51
4.28	0.61	3.18	2.51
4.51	0.73	4.85	2.23
4.51	0.73	4.85	2.23
4.51	0.73	4.85	2.23
4.51	0.73	4.85	2.23
4.59	0.74	4.84	2.27
4.59	0.74	4.84	2.27
4.59	0.74	4.84	2.27
4.59	0.74	4.84	2.27
2.77	0.51	2.76	2.41
2.77	0.51	2.76	2.41
2.77	0.51	2.76	2.41
2.77	0.51	2.76	2.41
5.64	0.69	2.75	2.46
5.64	0.69	2.75	2.46
5.64	0.69	2.75	2.46
5.64	0.69	2.75	2.46
2.67	0.51	5.02	2.26
2.67	0.51	5.02	2.26
2.67	0.51	5.02	2.26
2.67	0.51	5.02	2.26
2.67	0.50	2.64	2.41
2.67	0.50	2.64	2.41
2.67	0.50	2.64	2.41
2.67	0.50	2.64	2.41
4.73	0.71	2.96	2.41
4.73	0.71	2.96	2.41
4.73	0.71	2.96	2.41
4.73	0.71	2.96	2.41
2.69	0.51	5.41	2.28
2.69	0.51	5.41	2.28
2.69	0.51	5.41	2.28
2.69	0.51	5.41	2.28
2.70	0.50	2.62	3.92
2.70	0.50	2.62	3.92
2.70	0.50	2.62	3.92
2.70	0.50	2.62	3.92
2.20	0.55	2.62	2.56
2.20	0.55	2.62	2.56
2.20	0.55	2.62	2.56
2.20	0.55	2.62	2.56
2.35	0.53	2.52	3.20
2.35	0.53	2.52	3.20
2.35	0.53	2.52	3.20
2.35	0.53	2.52	3.20
2.33	0.55	2.51	2.54
2.33	0.55	2.51	2.54
2.33	0.55	2.51	2.54
2.33	0.55	2.51	2.54
2.33	0.54	2.70	2.96
2.33	0.54	2.70	2.96
2.33	0.54	2.70	2.96
2.33	0.54	2.70	2.96
3.32	0.52	2.86	2.66
3.32	0.52	2.86	2.66
3.32	0.52	2.86	2.66
3.32	0.52	2.86	2.66
2.20	0.54	2.52	2.75
2.20	0.54	2.52	2.75
2.20	0.54	2.52	2.75
2.20	0.54	2.52	2.75
2.08	0.52	2.72	2.66
2.08	0.52	2.72	2.66
2.08	0.52	2.72	2.66
2.08	0.52	2.72	2.66
2.18	0.55	2.52	2.99
2.18	0.55	2.52	2.99
2.18	0.55	2.52	2.99
2.18	0.55	2.52	2.99
2.17	0.50	2.89	2.49
2.17	0.50	2.89	2.49
2.17	0.50	2.89	2.49
2.17	0.50	2.89	2.49
2.19	0.53	2.66	2.64
2.19	0.53	2.66	2.64
2.19	0.53	2.66	2.64
2.19	0.53	2.66	2.64
2.90	0.49	2.53	2.53
2.90	0.49	2.53	2.53
2.90	0.49	2.53	2.53
2.90	0.49	2.53	2.53
1.36	0.63	4.72	3.60
1.36	0.63	4.72	3.60
1.36	0.63	4.72	3.60
1.36	0.63	4.72	3.60
1.44	0.66	4.92	3.52
1.44	0.66	4.92	3.52
1.44	0.66	4.92	3.52
1.44	0.66	4.92	3.52
1.62	0.70	4.53	3.64
1.62	0.70	4.53	3.64
1.62	0.70	4.53	3.64
1.62	0.70	4.53	3.64
1.43	0.64	4.57	3.92
1.43	0.64	4.57	3.92
1.43	0.64	4.57	3.92
1.43	0.64	4.57	3.92
1.48	0.64	4.68	3.72
1.48	0.64	4.68	3.72
1.48	0.64	4.68	3.72
1.48	0.64	4.68	3.72
1.47	0.67	4.67	3.17
1.47	0.67	4.67	3.17
1.47	0.67	4.67	3.17
1.47	0.67	4.67	3.17
2.60	0.55	2.59	2.34
2.60	0.55	2.59	2.34
2.60	0.55	2.59	2.34
2.60	0.55	2.59	2.34
2.57	0.54	2.82	2.90
2.57	0.54	2.82	2.90
2.57	0.54	2.82	2.90
2.57	0.54	2.82	2.90
2.88	0.59	2.53	2.56
2.88	0.59	2.53	2.56
2.88	0.59	2.53	2.56
2.88	0.59	2.53	2.56
2.18	0.59	5.01	2.52
2.18	0.59	5.01	2.52
2.18	0.59	5.01	2.52
2.18	0.59	5.01	2.52
17.47	0.66	6.02	2.57
17.47	0.66	6.02	2.57
17.47	0.66	6.02	2.57
17.47	0.66	6.02	2.57
14.76	0.61	2.91	2.51
14.76	0.61	2.91	2.51
14.76	0.61	2.91	2.51
14.76	0.61	2.91	2.51
3.18	0.54	4.30	9.10
3.18	0.54	4.30	9.10
3.18	0.54	4.30	9.10
3.18	0.54	4.30	9.10
5.95	0.83	4.06	7.41
5.95	0.83	4.06	7.41
5.95	0.83	4.06	7.41
5.95	0.83	4.06	7.41
2.80	0.80	2.62	12.13
2.80	0.80	2.62	12.13
2.80	0.80	2.62	12.13
2.80	0.80	2.62	12.13
5.37	0.94	3.77	8.18
5.37	0.94	3.77	8.18
5.37	0.94	3.77	8.18
5.37	0.94	3.77	8.18
2.76	0.79	2.89	11.77
2.76	0.79	2.89	11.77
2.76	0.79	2.89	11.77
2.76	0.79	2.89	11.77
2.73	0.78	2.77	11.78
2.73	0.78	2.77	11.78
2.73	0.78	2.77	11.78
2.73	0.78	2.77	11.78
2.21	0.71	2.63	12.64
2.21	0.71	2.63	12.64
2.21	0.71	2.63	12.64
2.21	0.71	2.63	12.64
2.17	0.74	2.80	12.44
2.17	0.74	2.80	12.44
2.17	0.74	2.80	12.44
2.17	0.74	2.80	12.44
2.20	0.74	2.64	12.85
2.20	0.74	2.64	12.85
2.20	0.74	2.64	12.85
2.20	0.74	2.64	12.85
2.22	0.77	2.66	12.50
2.22	0.77	2.66	12.50
2.22	0.77	2.66	12.50
2.22	0.77	2.66	12.50
2.17	0.73	2.81	12.59
2.17	0.73	2.81	12.59
2.17	0.73	2.81	12.59
2.17	0.73	2.81	12.59
2.30	0.72	2.65	12.61
2.30	0.72	2.65	12.61
2.30	0.72	2.65	12.61
2.30	0.72	2.65	12.61
2.23	0.74	2.63	12.64
2.23	0.74	2.63	12.64
2.23	0.74	2.63	12.64
2.23	0.74	2.63	12.64
2.30	0.73	2.77	12.39
2.30	0.73	2.77	12.39
2.30	0.73	2.77	12.39
2.30	0.73	2.77	12.39
1.58	0.80	2.69	12.88
1.58	0.80	2.69	12.88
1.58	0.80	2.69	12.88
1.58	0.80	2.69	12.88
1.44	0.78	2.72	12.98
1.44	0.78	2.72	12.98
1.44	0.78	2.72	12.98
1.44	0.78	2.72	12.98
1.50	0.76	2.80	12.93
1.50	0.76	2.80	12.93
1.50	0.76	2.80	12.93
1.50	0.76	2.80	12.93
1.51	0.81	2.67	13.02
1.51	0.81	2.67	13.02
1.51	0.81	2.67	13.02
1.51	0.81	2.67	13.02
1.51	0.79	2.90	12.52
1.51	0.79	2.90	12.52
1.51	0.79	2.90	12.52
1.51	0.79	2.90	12.52
2.53	0.67	2.81	12.18
2.53	0.67	2.81	12.18
2.53	0.67	2.81	12.18
2.53	0.67	2.81	12.18
2.59	0.73	2.84	11.91
2.59	0.73	2.84	11.91
2.59	0.73	2.84	11.91
2.59	0.73	2.84	11.91
1.79	1.00	2.74	12.54
1.79	1.00	2.74	12.54
1.79	1.00	2.74	12.54
1.79	1.00	2.74	12.54
1.81	0.77	2.55	13.29
1.81	0.77	2.55	13.29
1.81	0.77	2.55	13.29
1.81	0.77	2.55	13.29
2.86	0.86	2.60	11.95
2.86	0.86	2.60	11.95
2.86	0.86	2.60	11.95
2.86	0.86	2.60	11.95
1.84	0.83	4.27	11.15
1.84	0.83	4.27	11.15
1.84	0.83	4.27	11.15
1.84	0.83	4.27	11.15
3.10	0.87	3.95	10.18
3.10	0.87	3.95	10.18
3.10	0.87	3.95	10.18
3.10	0.87	3.95	10.18
2.83	0.88	2.63	11.78
2.83	0.88	2.63	11.78
2.83	0.88	2.63	11.78
2.83	0.88	2.63	11.78
1.67	0.62	4.01	11.83
1.67	0.62	4.01	11.83
1.67	0.62	4.01	11.83
1.67	0.62	4.01	11.83
2.10	0.85	4.00	11.15
2.10	0.85	4.00	11.15
2.10	0.85	4.00	11.15
2.10	0.85	4.00	11.15
1.81	0.80	2.63	12.87
1.81	0.80	2.63	12.87
1.81	0.80	2.63	12.87
1.81	0.80	2.63	12.87
3.02	0.86	2.80	11.40
3.02	0.86	2.80	11.40
3.02	0.86	2.80	11.40
3.02	0.86	2.80	11.40
1.82	0.75	4.26	11.38
1.82	0.75	4.26	11.38
1.82	0.75	4.26	11.38
1.82	0.75	4.26	11.38
1.96	0.79	2.65	12.69
1.96	0.79	2.65	12.69
1.96	0.79	2.65	12.69
1.96	0.79	2.65	12.69
1.63	0.79	2.81	12.97
1.63	0.79	2.81	12.97
1.63	0.79	2.81	12.97
1.63	0.79	2.81	12.97
1.89	0.71	2.49	13.00
1.89	0.71	2.49	13.00
1.89	0.71	2.49	13.00
1.89	0.71	2.49	13.00
3.92	0.56	3.79	2.13
3.92	0.56	3.79	2.13
3.92	0.56	3.79	2.13
3.92	0.56	3.79	2.13
4.02	0.62	3.04	2.39
4.02	0.62	3.04	2.39
4.02	0.62	3.04	2.39
4.02	0.62	3.04	2.39
2.09	0.51	3.38	2.63
2.09	0.51	3.38	2.63
2.09	0.51	3.38	2.63
2.09	0.51	3.38	2.63
3.93	0.59	3.71	2.19
3.93	0.59	3.71	2.19
3.93	0.59	3.71	2.19
3.93	0.59	3.71	2.19
2.03	0.52	2.54	2.67
2.03	0.52	2.54	2.67
2.03	0.52	2.54	2.67
2.03	0.52	2.54	2.67
4.25	1.49	4.52	2.15
4.25	1.49	4.52	2.15
4.25	1.49	4.52	2.15
4.25	1.49	4.52	2.15
2.18	0.54	2.57	2.80
2.18	0.54	2.57	2.80
2.18	0.54	2.57	2.80
2.18	0.54	2.57	2.80
4.14	0.67	2.90	2.38
4.14	0.67	2.90	2.38
4.14	0.67	2.90	2.38
4.14	0.67	2.90	2.38
2.20	0.53	4.60	2.37
2.20	0.53	4.60	2.37
2.20	0.53	4.60	2.37
2.20	0.53	4.60	2.37
2.04	0.51	2.64	2.45
2.04	0.51	2.64	2.45
2.04	0.51	2.64	2.45
2.04	0.51	2.64	2.45
1.94	0.51	2.98	2.42
1.94	0.51	2.98	2.42
1.94	0.51	2.98	2.42
1.94	0.51	2.98	2.42
2.31	0.53	2.83	2.60
2.31	0.53	2.83	2.60
2.31	0.53	2.83	2.60
2.31	0.53	2.83	2.60
2.95	0.53	2.99	2.40
2.95	0.53	2.99	2.40
2.95	0.53	2.99	2.40
2.95	0.53	2.99	2.40
2.74	0.52	2.77	2.59
2.74	0.52	2.77	2.59
2.74	0.52	2.77	2.59
2.74	0.52	2.77	2.59
2.72	0.53	2.97	2.76
2.72	0.53	2.97	2.76
2.72	0.53	2.97	2.76
2.72	0.53	2.97	2.76
2.83	0.53	2.55	2.48
2.83	0.53	2.55	2.48
2.83	0.53	2.55	2.48
2.83	0.53	2.55	2.48
2.73	0.52	2.70	2.70
2.73	0.52	2.70	2.70
2.73	0.52	2.70	2.70
2.73	0.52	2.70	2.70
2.68	0.53	2.51	2.68
2.68	0.53	2.51	2.68
2.68	0.53	2.51	2.68
2.68	0.53	2.51	2.68
2.82	0.53	3.03	2.39
2.82	0.53	3.03	2.39
2.82	0.53	3.03	2.39
2.82	0.53	3.03	2.39
2.55	0.49	2.74	2.77
2.55	0.49	2.74	2.77
2.55	0.49	2.74	2.77
2.55	0.49	2.74	2.77
2.52	0.51	2.62	2.44
2.52	0.51	2.62	2.44
2.52	0.51	2.62	2.44
2.52	0.51	2.62	2.44
1.32	0.59	2.61	2.53
1.32	0.59	2.61	2.53
1.32	0.59	2.61	2.53
1.32	0.59	2.61	2.53
1.83	0.34	2.25	3.12
1.83	0.34	2.25	3.12
1.83	0.34	2.25	3.12
1.83	0.34	2.25	3.12
2.62	0.51	2.63	2.52
2.62	0.51	2.63	2.52
2.62	0.51	2.63	2.52
2.62	0.51	2.63	2.52
2.60	0.55	2.78	3.29
2.60	0.55	2.78	3.29
2.60	0.55	2.78	3.29
2.60	0.55	2.78	3.29
2.27	0.60	2.84	2.79
2.27	0.60	2.84	2.79
2.27	0.60	2.84	2.79
2.27	0.60	2.84	2.79
27.50	0.15	1.11	1.78
27.50	0.15	1.11	1.78
27.50	0.15	1.11	1.78
27.50	0.15	1.11	1.78
3.87	0.23	1.04	1.22
3.87	0.23	1.04	1.22
3.87	0.23	1.04	1.22
3.87	0.23	1.04	1.22
50.00	0.12	1.05	1.69
50.00	0.12	1.05	1.69
50.00	0.12	1.05	1.69
50.00	0.12	1.05	1.69
50.00	0.12	1.03	2.46
50.00	0.12	1.03	2.46
50.00	0.12	1.03	2.46
50.00	0.12	1.03	2.46
28.92	0.14	1.49	1.32
28.92	0.14	1.49	1.32
28.92	0.14	1.49	1.32
28.92	0.14	1.49	1.32
1.14	0.78	3.03	12.51
1.14	0.78	3.03	12.51
1.14	0.78	3.03	12.51
1.14	0.78	3.03	12.51
1.11	0.78	2.88	12.71
1.11	0.78	2.88	12.71
1.11	0.78	2.88	12.71
1.11	0.78	2.88	12.71
1.09	0.78	2.80	12.98
1.09	0.78	2.80	12.98
1.09	0.78	2.80	12.98
1.09	0.78	2.80	12.98
1.12	0.78	3.15	12.37
1.12	0.78	3.15	12.37
1.12	0.78	3.15	12.37
1.12	0.78	3.15	12.37
2.58	0.93	3.07	11.46
2.58	0.93	3.07	11.46
2.58	0.93	3.07	11.46
2.58	0.93	3.07	11.46
1.83	0.82	3.19	12.33
1.83	0.82	3.19	12.33
1.83	0.82	3.19	12.33
1.83	0.82	3.19	12.33
1.11	0.82	3.22	12.39
1.11	0.82	3.22	12.39
1.11	0.82	3.22	12.39
1.11	0.82	3.22	12.39
1.09	0.81	3.04	12.44
1.09	0.81	3.04	12.44
1.09	0.81	3.04	12.44
1.09	0.81	3.04	12.44
0.92	0.80	6.38	9.29
0.92	0.80	6.38	9.29
0.92	0.80	6.38	9.29
0.92	0.80	6.38	9.29
0.95	0.78	3.23	13.37
0.95	0.78	3.23	13.37
0.95	0.78	3.23	13.37
0.95	0.78	3.23	13.37
1.09	0.83	3.96	11.20
1.09	0.83	3.96	11.20
1.09	0.83	3.96	11.20
1.09	0.83	3.96	11.20
1.43	0.76	4.04	11.36
1.43	0.76	4.04	11.36
1.43	0.76	4.04	11.36
1.43	0.76	4.04	11.36
1.16	0.93	5.91	10.54
1.16	0.93	5.91	10.54
1.16	0.93	5.91	10.54
1.16	0.93	5.91	10.54
1.10	1.21	3.68	9.87
1.10	1.21	3.68	9.87
1.10	1.21	3.68	9.87
1.10	1.21	3.68	9.87
2.26	0.60	2.15	12.76
2.26	0.60	2.15	12.76
2.26	0.60	2.15	12.76
2.26	0.60	2.15	12.76
1.59	0.63	2.17	13.35
1.59	0.63	2.17	13.35
1.59	0.63	2.17	13.35
1.59	0.63	2.17	13.35
1.54	0.63	2.32	13.20
1.54	0.63	2.32	13.20
1.54	0.63	2.32	13.20
1.54	0.63	2.32	13.20
1.53	0.63	2.16	13.46
1.53	0.63	2.16	13.46
1.53	0.63	2.16	13.46
1.53	0.63	2.16	13.46
1.59	0.79	2.18	13.13
1.59	0.79	2.18	13.13
1.59	0.79	2.18	13.13
1.59	0.79	2.18	13.13
1.39	0.58	2.50	13.60
1.39	0.58	2.50	13.60
1.39	0.58	2.50	13.60
1.39	0.58	2.50	13.60
2.47	0.64	2.78	13.90
2.47	0.64	2.78	13.90
2.47	0.64	2.78	13.90
2.47	0.64	2.78	13.90
2.12	0.66	2.49	11.35
2.12	0.66	2.49	11.35
2.12	0.66	2.49	11.35
2.12	0.66	2.49	11.35
1.89	0.60	2.18	13.16
1.89	0.60	2.18	13.16
1.89	0.60	2.18	13.16
1.89	0.60	2.18	13.16
1.89	0.62	2.10	13.28
1.89	0.62	2.10	13.28
1.89	0.62	2.10	13.28
1.89	0.62	2.10	13.28
1.96	0.63	2.17	13.08
1.96	0.63	2.17	13.08
1.96	0.63	2.17	13.08
1.96	0.63	2.17	13.08
1.88	0.64	2.19	13.13
1.88	0.64	2.19	13.13
1.88	0.64	2.19	13.13
1.88	0.64	2.19	13.13
1.87	0.63	2.08	13.36
1.87	0.63	2.08	13.36
1.87	0.63	2.08	13.36
1.87	0.63	2.08	13.36
1.97	0.64	2.08	13.09
1.97	0.64	2.08	13.09
1.97	0.64	2.08	13.09
1.97	0.64	2.08	13.09
1.88	0.63	2.07	13.33
1.88	0.63	2.07	13.33
1.88	0.63	2.07	13.33
1.88	0.63	2.07	13.33
1.96	0.90	2.95	12.52
1.96	0.90	2.95	12.52
1.96	0.90	2.95	12.52
1.96	0.90	2.95	12.52
2.71	0.93	3.22	11.42
2.71	0.93	3.22	11.42
2.71	0.93	3.22	11.42
2.71	0.93	3.22	11.42
2.62	0.91	3.15	11.60
2.62	0.91	3.15	11.60
2.62	0.91	3.15	11.60
2.62	0.91	3.15	11.60
5.67	0.93	3.20	9.00
5.67	0.93	3.20	9.00
5.67	0.93	3.20	9.00
5.67	0.93	3.20	9.00
2.17	1.00	2.88	11.82
2.17	1.00	2.88	11.82
2.17	1.00	2.88	11.82
2.17	1.00	2.88	11.82
2.24	0.92	2.96	12.08
2.24	0.92	2.96	12.08
2.24	0.92	2.96	12.08
2.24	0.92	2.96	12.08
2.18	0.92	2.79	12.21
2.18	0.92	2.79	12.21
2.18	0.92	2.79	12.21
2.18	0.92	2.79	12.21
2.26	0.93	2.80	12.07
2.26	0.93	2.80	12.07
2.26	0.93	2.80	12.07
2.26	0.93	2.80	12.07
2.12	0.87	2.96	12.18
2.12	0.87	2.96	12.18
2.12	0.87	2.96	12.18
2.12	0.87	2.96	12.18
1.53	0.99	2.89	12.52
1.53	0.99	2.89	12.52
1.53	0.99	2.89	12.52
1.53	0.99	2.89	12.52
1.40	1.03	2.87	12.84
1.40	1.03	2.87	12.84
1.40	1.03	2.87	12.84
1.40	1.03	2.87	12.84
1.41	1.14	2.97	12.10
1.41	1.14	2.97	12.10
1.41	1.14	2.97	12.10
1.41	1.14	2.97	12.10
1.56	0.98	2.82	12.45
1.56	0.98	2.82	12.45
1.56	0.98	2.82	12.45
1.56	0.98	2.82	12.45
1.37	1.19	2.90	12.28
1.37	1.19	2.90	12.28
1.37	1.19	2.90	12.28
1.37	1.19	2.90	12.28
1.38	0.95	3.06	12.45
1.38	0.95	3.06	12.45
1.38	0.95	3.06	12.45
1.38	0.95	3.06	12.45
2.09	0.87	2.79	12.40
2.09	0.87	2.79	12.40
2.09	0.87	2.79	12.40
2.09	0.87	2.79	12.40
2.24	0.93	2.83	12.07
2.24	0.93	2.83	12.07
2.24	0.93	2.83	12.07
2.24	0.93	2.83	12.07
1.44	1.12	2.96	12.38
1.44	1.12	2.96	12.38
1.44	1.12	2.96	12.38
1.44	1.12	2.96	12.38
1.57	0.92	3.06	12.31
1.57	0.92	3.06	12.31
1.57	0.92	3.06	12.31
1.57	0.92	3.06	12.31
1.42	1.02	2.92	12.67
1.42	1.02	2.92	12.67
1.42	1.02	2.92	12.67
1.42	1.02	2.92	12.67
2.10	0.92	2.96	12.84
2.10	0.92	2.96	12.84
2.10	0.92	2.96	12.84
2.10	0.92	2.96	12.84
1.99	0.93	2.86	11.88
1.99	0.93	2.86	11.88
1.99	0.93	2.86	11.88
1.99	0.93	2.86	11.88
5.81	1.83	8.03	8.42
5.81	1.83	8.03	8.42
5.81	1.83	8.03	8.42
5.81	1.83	8.03	8.42
6.34	1.87	8.13	6.58
6.34	1.87	8.13	6.58
6.34	1.87	8.13	6.58
6.34	1.87	8.13	6.58
6.23	1.20	5.55	6.75
6.23	1.20	5.55	6.75
6.23	1.20	5.55	6.75
6.23	1.20	5.55	6.75
4.41	1.13	6.80	5.44
4.41	1.13	6.80	5.44
4.41	1.13	6.80	5.44
4.41	1.13	6.80	5.44
3.41	1.87	6.38	8.32
3.41	1.87	6.38	8.32
3.41	1.87	6.38	8.32
3.41	1.87	6.38	8.32
3.20	1.56	6.20	8.44
3.20	1.56	6.20	8.44
3.20	1.56	6.20	8.44
3.20	1.56	6.20	8.44
3.36	1.51	6.20	8.22
3.36	1.51	6.20	8.22
3.36	1.51	6.20	8.22
3.36	1.51	6.20	8.22
3.23	1.47	6.17	8.66
3.23	1.47	6.17	8.66
3.23	1.47	6.17	8.66
3.23	1.47	6.17	8.66
3.27	1.43	6.24	8.46
3.27	1.43	6.24	8.46
3.27	1.43	6.24	8.46
3.27	1.43	6.24	8.46
3.30	1.42	8.37	7.71
3.30	1.42	8.37	7.71
3.30	1.42	8.37	7.71
3.30	1.42	8.37	7.71
6.11	2.59	9.18	7.28
6.11	2.59	9.18	7.28
6.11	2.59	9.18	7.28
6.11	2.59	9.18	7.28
6.87	1.85	8.54	7.97
6.87	1.85	8.54	7.97
6.87	1.85	8.54	7.97
6.87	1.85	8.54	7.97
9.52	1.94	9.71	7.11
9.52	1.94	9.71	7.11
9.52	1.94	9.71	7.11
9.52	1.94	9.71	7.11
9.01	2.05	10.06	8.36
9.01	2.05	10.06	8.36
9.01	2.05	10.06	8.36
9.01	2.05	10.06	8.36
5.23	2.01	9.38	7.46
5.23	2.01	9.38	7.46
5.23	2.01	9.38	7.46
5.23	2.01	9.38	7.46
9.08	1.86	8.36	6.99
9.08	1.86	8.36	6.99
9.08	1.86	8.36	6.99
9.08	1.86	8.36	6.99
10.65	2.43	4.70	4.71
10.65	2.43	4.70	4.71
10.65	2.43	4.70	4.71
10.65	2.43	4.70	4.71
1.57	0.83	1.52	3.38
1.57	0.83	1.52	3.38
1.57	0.83	1.52	3.38
1.57	0.83	1.52	3.38
49.87	0.48	1.07	2.72
49.87	0.48	1.07	2.72
49.87	0.48	1.07	2.72
49.87	0.48	1.07	2.72
3.48	0.65	2.88	1.76
3.48	0.65	2.88	1.76
3.48	0.65	2.88	1.76
3.48	0.65	2.88	1.76
16.73	1.07	5.92	2.00
16.73	1.07	5.92	2.00
16.73	1.07	5.92	2.00
16.73	1.07	5.92	2.00
3.74	0.68	3.44	5.53
3.74	0.68	3.44	5.53
3.74	0.68	3.44	5.53
3.74	0.68	3.44	5.53
2.22	0.47	3.67	2.70
2.22	0.47	3.67	2.70
2.22	0.47	3.67	2.70
2.22	0.47	3.67	2.70
5.77	1.96	11.93	13.14
5.77	1.96	11.93	13.14
5.77	1.96	11.93	13.14
5.77	1.96	11.93	13.14
7.13	1.96	10.53	6.54
7.13	1.96	10.53	6.54
7.13	1.96	10.53	6.54
7.13	1.96	10.53	6.54
6.68	1.13	8.26	5.92
6.68	1.13	8.26	5.92
6.68	1.13	8.26	5.92
6.68	1.13	8.26	5.92
6.61	1.63	8.34	7.33
6.61	1.63	8.34	7.33
6.61	1.63	8.34	7.33
6.61	1.63	8.34	7.33
7.27	1.70	8.74	5.72
7.27	1.70	8.74	5.72
7.27	1.70	8.74	5.72
7.27	1.70	8.74	5.72
8.49	1.52	8.20	5.77
8.49	1.52	8.20	5.77
8.49	1.52	8.20	5.77
8.49	1.52	8.20	5.77
8.17	1.61	8.49	9.47
8.17	1.61	8.49	9.47
8.17	1.61	8.49	9.47
8.17	1.61	8.49	9.47
7.72	2.06	11.28	7.64
7.72	2.06	11.28	7.64
7.72	2.06	11.28	7.64
7.72	2.06	11.28	7.64
13.36	2.13	11.81	6.74
13.36	2.13	11.81	6.74
13.36	2.13	11.81	6.74
13.36	2.13	11.81	6.74
18.93	2.17	11.85	7.89
18.93	2.17	11.85	7.89
18.93	2.17	11.85	7.89
18.93	2.17	11.85	7.89
6.70	1.97	11.01	7.40
6.70	1.97	11.01	7.40
6.70	1.97	11.01	7.40
6.70	1.97	11.01	7.40
12.55	1.88	11.73	7.29
12.55	1.88	11.73	7.29
12.55	1.88	11.73	7.29
12.55	1.88	11.73	7.29
16.51	1.90	11.88	7.97
16.51	1.90	11.88	7.97
16.51	1.90	11.88	7.97
16.51	1.90	11.88	7.97
21.69	1.88	10.80	6.89
21.69	1.88	10.80	6.89
21.69	1.88	10.80	6.89
21.69	1.88	10.80	6.89
9.65	2.07	11.45	7.21
9.65	2.07	11.45	7.21
9.65	2.07	11.45	7.21
9.65	2.07	11.45	7.21
1.35	0.69	4.70	3.59
1.35	0.69	4.70	3.59
1.35	0.69	4.70	3.59
1.35	0.69	4.70	3.59
37.97	0.53	3.70	1.93
37.97	0.53	3.70	1.93
37.97	0.53	3.70	1.93
37.97	0.53	3.70	1.93
4.06	0.86	4.35	1.71
4.06	0.86	4.35	1.71
4.06	0.86	4.35	1.71
4.06	0.86	4.35	1.71
10.30	1.06	5.64	2.81
10.30	1.06	5.64	2.81
10.30	1.06	5.64	2.81
10.30	1.06	5.64	2.81
2.05	0.65	4.61	9.85
2.05	0.65	4.61	9.85
2.05	0.65	4.61	9.85
2.05	0.65	4.61	9.85
0.65	0.50	3.31	4.99
0.65	0.50	3.31	4.99
0.65	0.50	3.31	4.99
0.65	0.50	3.31	4.99
5.25	1.91	9.66	10.20
5.25	1.91	9.66	10.20
5.25	1.91	9.66	10.20
5.25	1.91	9.66	10.20
6.87	1.97	11.28	5.45
6.87	1.97	11.28	5.45
6.87	1.97	11.28	5.45
6.87	1.97	11.28	5.45
6.27	1.13	7.68	5.66
6.27	1.13	7.68	5.66
6.27	1.13	7.68	5.66
6.27	1.13	7.68	5.66
3.25	1.21	7.56	4.78
3.25	1.21	7.56	4.78
3.25	1.21	7.56	4.78
3.25	1.21	7.56	4.78
5.92	1.13	7.16	5.13
5.92	1.13	7.16	5.13
5.92	1.13	7.16	5.13
5.92	1.13	7.16	5.13
3.20	1.18	7.37	4.58
3.20	1.18	7.37	4.58
3.20	1.18	7.37	4.58
3.20	1.18	7.37	4.58
3.46	1.09	6.61	6.36
3.46	1.09	6.61	6.36
3.46	1.09	6.61	6.36
3.46	1.09	6.61	6.36
4.31	2.05	9.81	9.04
4.31	2.05	9.81	9.04
4.31	2.05	9.81	9.04
4.31	2.05	9.81	9.04
6.27	1.87	10.77	7.79
6.27	1.87	10.77	7.79
6.27	1.87	10.77	7.79
6.27	1.87	10.77	7.79
6.10	2.52	10.66	7.65
6.10	2.52	10.66	7.65
6.10	2.52	10.66	7.65
6.10	2.52	10.66	7.65
8.01	1.88	9.88	7.57
8.01	1.88	9.88	7.57
8.01	1.88	9.88	7.57
8.01	1.88	9.88	7.57
12.24	1.93	10.17	8.04
12.24	1.93	10.17	8.04
12.24	1.93	10.17	8.04
12.24	1.93	10.17	8.04
15.62	1.88	10.41	6.78
15.62	1.88	10.41	6.78
15.62	1.88	10.41	6.78
15.62	1.88	10.41	6.78
19.65	1.92	10.75	7.25
19.65	1.92	10.75	7.25
19.65	1.92	10.75	7.25
19.65	1.92	10.75	7.25
6.03	1.97	9.78	7.32
6.03	1.97	9.78	7.32
6.03	1.97	9.78	7.32
6.03	1.97	9.78	7.32
8.80	2.15	9.04	6.31
8.80	2.15	9.04	6.31
8.80	2.15	9.04	6.31
8.80	2.15	9.04	6.31
1.12	0.69	4.46	3.84
1.12	0.69	4.46	3.84
1.12	0.69	4.46	3.84
1.12	0.69	4.46	3.84
37.00	0.58	3.15	1.94
37.00	0.58	3.15	1.94
37.00	0.58	3.15	1.94
37.00	0.58	3.15	1.94
2.92	0.82	3.23	1.69
2.92	0.82	3.23	1.69
2.92	0.82	3.23	1.69
2.92	0.82	3.23	1.69
1.89	0.89	3.86	2.40
1.89	0.89	3.86	2.40
1.89	0.89	3.86	2.40
1.89	0.89	3.86	2.40
1.05	0.72	4.01	3.76
1.05	0.72	4.01	3.76
1.05	0.72	4.01	3.76
1.05	0.72	4.01	3.76
50.00	0.72	4.34	2.47
50.00	0.72	4.34	2.47
50.00	0.72	4.34	2.47
50.00	0.72	4.34	2.47
3.52	0.76	3.23	1.71
3.52	0.76	3.23	1.71
3.52	0.76	3.23	1.71
3.52	0.76	3.23	1.71
1.80	0.89	3.74	2.67
1.80	0.89	3.74	2.67
1.80	0.89	3.74	2.67
1.80	0.89	3.74	2.67
30.37	0.27	1.63	5.74
30.37	0.27	1.63	5.74
30.37	0.27	1.63	5.74
30.37	0.27	1.63	5.74
1.05	0.07	1.53	2.47
1.05	0.07	1.53	2.47
1.05	0.07	1.53	2.47
1.05	0.07	1.53	2.47
0.49	0.07	0.95	3.57
0.49	0.07	0.95	3.57
0.49	0.07	0.95	3.57
0.49	0.07	0.95	3.57
0.93	0.08	2.30	2.71
0.93	0.08	2.30	2.71
0.93	0.08	2.30	2.71
0.93	0.08	2.30	2.71
1.46	0.18	1.22	2.70
1.46	0.18	1.22	2.70
1.46	0.18	1.22	2.70
1.46	0.18	1.22	2.70
2.15	0.22	2.23	1.64
2.15	0.22	2.23	1.64
2.15	0.22	2.23	1.64
2.15	0.22	2.23	1.64
0.96	0.18	2.29	1.57
0.96	0.18	2.29	1.57
0.96	0.18	2.29	1.57
0.96	0.18	2.29	1.57
2.14	0.19	1.14	2.98
2.14	0.19	1.14	2.98
2.14	0.19	1.14	2.98
2.14	0.19	1.14	2.98
1.74	0.21	2.24	2.63
1.74	0.21	2.24	2.63
1.74	0.21	2.24	2.63
1.74	0.21	2.24	2.63
1.78	0.19	1.14	2.47
1.78	0.19	1.14	2.47
1.78	0.19	1.14	2.47
1.78	0.19	1.14	2.47
1.90	0.22	2.28	1.95
1.90	0.22	2.28	1.95
1.90	0.22	2.28	1.95
1.90	0.22	2.28	1.95
1.15	0.18	2.25	1.88
1.15	0.18	2.25	1.88
1.15	0.18	2.25	1.88
1.15	0.18	2.25	1.88
2.04	0.18	1.20	2.74
2.04	0.18	1.20	2.74
2.04	0.18	1.20	2.74
2.04	0.18	1.20	2.74
3.57	0.20	1.99	2.01
3.57	0.20	1.99	2.01
3.57	0.20	1.99	2.01
3.57	0.20	1.99	2.01
5.57	0.17	1.04	2.41
5.57	0.17	1.04	2.41
5.57	0.17	1.04	2.41
5.57	0.17	1.04	2.41
4.68	0.17	1.04	1.93
4.68	0.17	1.04	1.93
4.68	0.17	1.04	1.93
4.68	0.17	1.04	1.93
2.40	0.22	2.25	1.67
2.40	0.22	2.25	1.67
2.40	0.22	2.25	1.67
2.40	0.22	2.25	1.67
1.58	0.18	1.12	2.72
1.58	0.18	1.12	2.72
1.58	0.18	1.12	2.72
1.58	0.18	1.12	2.72
1.88	0.21	2.24	1.92
1.88	0.21	2.24	1.92
1.88	0.21	2.24	1.92
1.88	0.21	2.24	1.92
1.25	0.18	2.36	1.66
1.25	0.18	2.36	1.66
1.25	0.18	2.36	1.66
1.25	0.18	2.36	1.66
1.91	0.17	1.21	2.87
1.91	0.17	1.21	2.87
1.91	0.17	1.21	2.87
1.91	0.17	1.21	2.87
1.97	0.21	2.28	1.88
1.97	0.21	2.28	1.88
1.97	0.21	2.28	1.88
1.97	0.21	2.28	1.88
1.64	0.17	1.23	2.42
1.64	0.17	1.23	2.42
1.64	0.17	1.23	2.42
1.64	0.17	1.23	2.42
2.17	0.21	2.26	2.05
2.17	0.21	2.26	2.05
2.17	0.21	2.26	2.05
2.17	0.21	2.26	2.05
2.01	0.18	1.13	2.39
2.01	0.18	1.13	2.39
2.01	0.18	1.13	2.39
2.01	0.18	1.13	2.39
6.34	0.22	2.21	2.05
6.34	0.22	2.21	2.05
6.34	0.22	2.21	2.05
6.34	0.22	2.21	2.05
1.77	0.18	1.18	2.98
1.77	0.18	1.18	2.98
1.77	0.18	1.18	2.98
1.77	0.18	1.18	2.98
12.32	0.21	2.34	1.74
12.32	0.21	2.34	1.74
12.32	0.21	2.34	1.74
12.32	0.21	2.34	1.74
1.74	0.21	2.21	1.85
1.74	0.21	2.21	1.85
1.74	0.21	2.21	1.85
1.74	0.21	2.21	1.85
2.29	0.19	1.19	2.44
2.29	0.19	1.19	2.44
2.29	0.19	1.19	2.44
2.29	0.19	1.19	2.44
1.86	0.19	2.33	2.54
1.86	0.19	2.33	2.54
1.86	0.19	2.33	2.54
1.86	0.19	2.33	2.54
1.86	0.22	2.26	1.91
1.86	0.22	2.26	1.91
1.86	0.22	2.26	1.91
1.86	0.22	2.26	1.91
1.72	0.18	1.13	3.22
1.72	0.18	1.13	3.22
1.72	0.18	1.13	3.22
1.72	0.18	1.13	3.22
2.73	0.22	2.29	1.88
2.73	0.22	2.29	1.88
2.73	0.22	2.29	1.88
2.73	0.22	2.29	1.88
4.10	0.17	1.13	2.47
4.10	0.17	1.13	2.47
4.10	0.17	1.13	2.47
4.10	0.17	1.13	2.47
5.56	0.18	1.28	2.74
5.56	0.18	1.28	2.74
5.56	0.18	1.28	2.74
5.56	0.18	1.28	2.74
4.71	0.17	1.06	2.06
4.71	0.17	1.06	2.06
4.71	0.17	1.06	2.06
4.71	0.17	1.06	2.06
1.95	0.20	2.05	1.83
1.95	0.20	2.05	1.83
1.95	0.20	2.05	1.83
1.95	0.20	2.05	1.83
2.39	0.20	2.47	1.87
2.39	0.20	2.47	1.87
2.39	0.20	2.47	1.87
2.39	0.20	2.47	1.87
1.78	0.19	2.54	1.64
1.78	0.19	2.54	1.64
1.78	0.19	2.54	1.64
1.78	0.19	2.54	1.64
5.60	0.17	1.29	2.83
5.60	0.17	1.29	2.83
5.60	0.17	1.29	2.83
5.60	0.17	1.29	2.83
2.22	0.22	2.29	2.32
2.22	0.22	2.29	2.32
2.22	0.22	2.29	2.32
2.22	0.22	2.29	2.32
1.21	0.18	2.25	2.06
1.21	0.18	2.25	2.06
1.21	0.18	2.25	2.06
1.21	0.18	2.25	2.06
3.59	0.19	1.14	2.54
3.59	0.19	1.14	2.54
3.59	0.19	1.14	2.54
3.59	0.19	1.14	2.54
2.11	0.21	2.36	2.25
2.11	0.21	2.36	2.25
2.11	0.21	2.36	2.25
2.11	0.21	2.36	2.25
1.72	0.18	1.21	2.70
1.72	0.18	1.21	2.70
1.72	0.18	1.21	2.70
1.72	0.18	1.21	2.70
5.15	0.18	1.27	2.45
5.15	0.18	1.27	2.45
5.15	0.18	1.27	2.45
5.15	0.18	1.27	2.45
4.78	0.17	1.07	1.79
4.78	0.17	1.07	1.79
4.78	0.17	1.07	1.79
4.78	0.17	1.07	1.79
2.17	0.22	2.25	1.93
2.17	0.22	2.25	1.93
2.17	0.22	2.25	1.93
2.17	0.22	2.25	1.93
1.68	0.18	1.23	2.87
1.68	0.18	1.23	2.87
1.68	0.18	1.23	2.87
1.68	0.18	1.23	2.87
2.50	0.19	2.17	2.04
2.50	0.19	2.17	2.04
2.50	0.19	2.17	2.04
2.50	0.19	2.17	2.04
2.09	0.21	2.23	1.77
2.09	0.21	2.23	1.77
2.09	0.21	2.23	1.77
2.09	0.21	2.23	1.77
1.02	0.36	2.34	1.93
1.02	0.36	2.34	1.93
1.02	0.36	2.34	1.93
1.02	0.36	2.34	1.93
1.75	0.18	1.15	2.82
1.75	0.18	1.15	2.82
1.75	0.18	1.15	2.82
1.75	0.18	1.15	2.82
2.02	0.21	2.24	1.80
2.02	0.21	2.24	1.80
2.02	0.21	2.24	1.80
2.02	0.21	2.24	1.80
1.89	0.18	1.13	2.50
1.89	0.18	1.13	2.50
1.89	0.18	1.13	2.50
1.89	0.18	1.13	2.50
2.16	0.22	2.33	1.77
2.16	0.22	2.33	1.77
2.16	0.22	2.33	1.77
2.16	0.22	2.33	1.77
1.97	0.21	1.20	2.28
1.97	0.21	1.20	2.28
1.97	0.21	1.20	2.28
1.97	0.21	1.20	2.28
5.89	0.21	1.42	2.87
5.89	0.21	1.42	2.87
5.89	0.21	1.42	2.87
5.89	0.21	1.42	2.87
6.74	0.19	1.31	2.42
6.74	0.19	1.31	2.42
6.74	0.19	1.31	2.42
6.74	0.19	1.31	2.42
1.96	0.22	2.27	1.48
1.96	0.22	2.27	1.48
1.96	0.22	2.27	1.48
1.96	0.22	2.27	1.48
3.10	0.19	1.83	1.72
3.10	0.19	1.83	1.72
3.10	0.19	1.83	1.72
3.10	0.19	1.83	1.72
1.80	0.18	1.21	2.38
1.80	0.18	1.21	2.38
1.80	0.18	1.21	2.38
1.80	0.18	1.21	2.38
5.21	1.06	15.06	12.35
5.21	1.06	15.06	12.35
5.21	1.06	15.06	12.35
5.21	1.06	15.06	12.35
5.11	8.82	1.64	6.33
5.11	8.82	1.64	6.33
5.11	8.82	1.64	6.33
5.11	8.82	1.64	6.33
3.79	0.19	0.75	50.00
3.79	0.19	0.75	50.00
3.79	0.19	0.75	50.00
3.79	0.19	0.75	50.00
2.75	0.91	3.71	5.94
2.75	0.91	3.71	5.94
2.75	0.91	3.71	5.94
2.75	0.91	3.71	5.94
2.02	0.41	2.28	12.35
2.02	0.41	2.28	12.35
2.02	0.41	2.28	12.35
2.02	0.41	2.28	12.35
4.51	0.37	1.43	2.69
4.51	0.37	1.43	2.69
4.51	0.37	1.43	2.69
4.51	0.37	1.43	2.69
5.87	0.39	1.51	3.34
5.87	0.39	1.51	3.34
5.87	0.39	1.51	3.34
5.87	0.39	1.51	3.34
10.56	7.21	6.25	2.07
10.56	7.21	6.25	2.07
10.56	7.21	6.25	2.07
10.56	7.21	6.25	2.07
21.76	0.17	0.78	4.85
21.76	0.17	0.78	4.85
21.76	0.17	0.78	4.85
21.76	0.17	0.78	4.85
2.10	20.20	1.05	1.99
2.10	20.20	1.05	1.99
2.10	20.20	1.05	1.99
2.10	20.20	1.05	1.99
7.54	0.18	0.63	8.90
7.54	0.18	0.63	8.90
7.54	0.18	0.63	8.90
7.54	0.18	0.63	8.90
2.67	0.47	0.69	14.16
2.67	0.47	0.69	14.16
2.67	0.47	0.69	14.16
2.67	0.47	0.69	14.16
4.46	1.33	0.81	13.12
4.46	1.33	0.81	13.12
4.46	1.33	0.81	13.12
4.46	1.33	0.81	13.12
2.30	0.36	0.51	12.92
2.30	0.36	0.51	12.92
2.30	0.36	0.51	12.92
2.30	0.36	0.51	12.92
2.50	0.32	0.30	14.91
2.50	0.32	0.30	14.91
2.50	0.32	0.30	14.91
2.50	0.32	0.30	14.91
2.58	0.18	0.29	15.22
2.58	0.18	0.29	15.22
2.58	0.18	0.29	15.22
2.58	0.18	0.29	15.22
2.49	0.36	0.73	14.91
2.49	0.36	0.73	14.91
2.49	0.36	0.73	14.91
2.49	0.36	0.73	14.91
50.00	0.33	0.87	2.92
50.00	0.33	0.87	2.92
50.00	0.33	0.87	2.92
50.00	0.33	0.87	2.92
50.00	1.13	2.63	3.37
50.00	1.13	2.63	3.37
50.00	1.13	2.63	3.37
50.00	1.13	2.63	3.37
50.00	0.61	9.97	3.20
50.00	0.61	9.97	3.20
50.00	0.61	9.97	3.20
50.00	0.61	9.97	3.20
27.85	0.07	0.40	3.85
27.85	0.07	0.40	3.85
27.85	0.07	0.40	3.85
27.85	0.07	0.40	3.85
1.34	0.08	0.48	1.17
1.34	0.08	0.48	1.17
1.34	0.08	0.48	1.17
1.34	0.08	0.48	1.17
0.65	0.08	0.45	1.43
0.65	0.08	0.45	1.43
0.65	0.08	0.45	1.43
0.65	0.08	0.45	1.43
0.59	0.08	0.45	1.60
0.59	0.08	0.45	1.60
0.59	0.08	0.45	1.60
0.59	0.08	0.45	1.60
0.63	0.08	0.53	3.46
0.63	0.08	0.53	3.46
0.63	0.08	0.53	3.46
0.63	0.08	0.53	3.46
0.78	0.18	0.95	2.17
0.78	0.18	0.95	2.17
0.78	0.18	0.95	2.17
0.78	0.18	0.95	2.17
0.95	0.19	1.06	2.13
0.95	0.19	1.06	2.13
0.95	0.19	1.06	2.13
0.95	0.19	1.06	2.13
0.99	0.18	1.01	5.04
0.99	0.18	1.01	5.04
0.99	0.18	1.01	5.04
0.99	0.18	1.01	5.04
0.87	0.19	0.95	6.21
0.87	0.19	0.95	6.21
0.87	0.19	0.95	6.21
0.87	0.19	0.95	6.21
1.14	0.12	0.49	3.23
1.14	0.12	0.49	3.23
1.14	0.12	0.49	3.23
1.14	0.12	0.49	3.23
1.19	0.09	0.46	2.19
1.19	0.09	0.46	2.19
1.19	0.09	0.46	2.19
1.19	0.09	0.46	2.19
1.01	0.08	0.51	2.87
1.01	0.08	0.51	2.87
1.01	0.08	0.51	2.87
1.01	0.08	0.51	2.87
0.84	0.17	0.94	3.60
0.84	0.17	0.94	3.60
0.84	0.17	0.94	3.60
0.84	0.17	0.94	3.60
0.83	0.17	0.90	2.28
0.83	0.17	0.90	2.28
0.83	0.17	0.90	2.28
0.83	0.17	0.90	2.28
1.08	0.18	3.62	3.60
1.08	0.18	3.62	3.60
1.08	0.18	3.62	3.60
1.08	0.18	3.62	3.60
1.69	0.22	1.29	3.83
1.69	0.22	1.29	3.83
1.69	0.22	1.29	3.83
1.69	0.22	1.29	3.83
0.93	0.08	0.60	1.62
0.93	0.08	0.60	1.62
0.93	0.08	0.60	1.62
0.93	0.08	0.60	1.62
50.00	0.38	22.45	2.26
50.00	0.38	22.45	2.26
50.00	0.38	22.45	2.26
50.00	0.38	22.45	2.26
3.54	0.22	2.16	2.96
3.54	0.22	2.16	2.96
3.54	0.22	2.16	2.96
3.54	0.22	2.16	2.96
1.67	0.22	1.28	2.81
1.67	0.22	1.28	2.81
1.67	0.22	1.28	2.81
1.67	0.22	1.28	2.81
5.55	0.17	1.19	2.66
5.55	0.17	1.19	2.66
5.55	0.17	1.19	2.66
5.55	0.17	1.19	2.66
5.51	0.17	1.03	2.25
5.51	0.17	1.03	2.25
5.51	0.17	1.03	2.25
5.51	0.17	1.03	2.25
8.92	0.21	2.44	1.70
8.92	0.21	2.44	1.70
8.92	0.21	2.44	1.70
8.92	0.21	2.44	1.70
1.60	0.21	2.35	1.46
1.60	0.21	2.35	1.46
1.60	0.21	2.35	1.46
1.60	0.21	2.35	1.46
1.67	0.17	1.10	2.25
1.67	0.17	1.10	2.25
1.67	0.17	1.10	2.25
1.67	0.17	1.10	2.25
2.10	0.21	2.36	1.89
2.10	0.21	2.36	1.89
2.10	0.21	2.36	1.89
2.10	0.21	2.36	1.89
1.90	0.18	1.12	2.60
1.90	0.18	1.12	2.60
1.90	0.18	1.12	2.60
1.90	0.18	1.12	2.60
2.11	0.21	2.24	1.99
2.11	0.21	2.24	1.99
2.11	0.21	2.24	1.99
2.11	0.21	2.24	1.99
4.99	0.17	1.18	2.85
4.99	0.17	1.18	2.85
4.99	0.17	1.18	2.85
4.99	0.17	1.18	2.85
1.78	0.21	2.22	1.78
1.78	0.21	2.22	1.78
1.78	0.21	2.22	1.78
1.78	0.21	2.22	1.78
2.11	0.18	1.12	2.59
2.11	0.18	1.12	2.59
2.11	0.18	1.12	2.59
2.11	0.18	1.12	2.59
1.94	0.22	2.21	2.09
1.94	0.22	2.21	2.09
1.94	0.22	2.21	2.09
1.94	0.22	2.21	2.09
1.76	0.17	1.11	2.37
1.76	0.17	1.11	2.37
1.76	0.17	1.11	2.37
1.76	0.17	1.11	2.37
1.97	0.22	2.17	1.71
1.97	0.22	2.17	1.71
1.97	0.22	2.17	1.71
1.97	0.22	2.17	1.71
1.92	0.21	2.16	1.88
1.92	0.21	2.16	1.88
1.92	0.21	2.16	1.88
1.92	0.21	2.16	1.88
1.34	0.17	2.19	1.70
1.34	0.17	2.19	1.70
1.34	0.17	2.19	1.70
1.34	0.17	2.19	1.70
1.01	0.18	2.34	2.20
1.01	0.18	2.34	2.20
1.01	0.18	2.34	2.20
1.01	0.18	2.34	2.20
4.31	0.17	1.11	3.12
4.31	0.17	1.11	3.12
4.31	0.17	1.11	3.12
4.31	0.17	1.11	3.12
1.89	0.22	2.18	1.97
1.89	0.22	2.18	1.97
1.89	0.22	2.18	1.97
1.89	0.22	2.18	1.97
1.80	0.19	1.12	2.40
1.80	0.19	1.12	2.40
1.80	0.19	1.12	2.40
1.80	0.19	1.12	2.40
1.79	0.20	2.19	1.82
1.79	0.20	2.19	1.82
1.79	0.20	2.19	1.82
1.79	0.20	2.19	1.82
4.02	0.03	0.21	1.30
4.02	0.03	0.21	1.30
4.02	0.03	0.21	1.30
4.02	0.03	0.21	1.30
4.02	0.02	0.18	0.81
4.02	0.02	0.18	0.81
4.02	0.02	0.18	0.81
4.02	0.02	0.18	0.81
4.04	0.06	0.41	1.21
4.04	0.06	0.41	1.21
4.04	0.06	0.41	1.21
4.04	0.06	0.41	1.21
4.04	0.08	0.44	1.08
4.04	0.08	0.44	1.08
4.04	0.08	0.44	1.08
4.04	0.08	0.44	1.08
0.76	0.10	0.39	1.68
0.76	0.10	0.39	1.68
0.76	0.10	0.39	1.68
0.76	0.10	0.39	1.68
2.12	0.09	0.33	0.57
2.12	0.09	0.33	0.57
2.12	0.09	0.33	0.57
2.12	0.09	0.33	0.57
3.72	0.47	0.73	3.53
3.72	0.47	0.73	3.53
3.72	0.47	0.73	3.53
3.72	0.47	0.73	3.53
2.01	0.22	1.17	2.05
2.01	0.22	1.17	2.05
2.01	0.22	1.17	2.05
2.01	0.22	1.17	2.05
4.08	0.15	1.00	2.19
4.08	0.15	1.00	2.19
4.08	0.15	1.00	2.19
4.08	0.15	1.00	2.19
4.06	0.13	0.98	2.96
4.06	0.13	0.98	2.96
4.06	0.13	0.98	2.96
4.06	0.13	0.98	2.96
1.24	0.20	0.93	3.94
1.24	0.20	0.93	3.94
1.24	0.20	0.93	3.94
1.24	0.20	0.93	3.94
4.02	0.06	0.39	0.80
4.02	0.06	0.39	0.80
4.02	0.06	0.39	0.80
4.02	0.06	0.39	0.80
4.04	0.07	0.31	0.86
4.04	0.07	0.31	0.86
4.04	0.07	0.31	0.86
4.04	0.07	0.31	0.86
4.07	0.07	0.45	1.99
4.07	0.07	0.45	1.99
4.07	0.07	0.45	1.99
4.07	0.07	0.45	1.99
5.52	0.05	0.63	1.17
5.52	0.05	0.63	1.17
5.52	0.05	0.63	1.17
5.52	0.05	0.63	1.17
4.05	0.08	0.45	0.68
4.05	0.08	0.45	0.68
4.05	0.08	0.45	0.68
4.05	0.08	0.45	0.68
4.04	0.06	0.45	0.78
4.04	0.06	0.45	0.78
4.04	0.06	0.45	0.78
4.04	0.06	0.45	0.78
4.04	0.06	0.37	0.72
4.04	0.06	0.37	0.72
4.04	0.06	0.37	0.72
4.04	0.06	0.37	0.72
4.03	0.06	0.39	0.84
4.03	0.06	0.39	0.84
4.03	0.06	0.39	0.84
4.03	0.06	0.39	0.84
4.06	0.08	0.47	0.94
4.06	0.08	0.47	0.94
4.06	0.08	0.47	0.94
4.06	0.08	0.47	0.94
4.02	0.05	0.36	0.65
4.02	0.05	0.36	0.65
4.02	0.05	0.36	0.65
4.02	0.05	0.36	0.65
4.05	0.08	0.52	1.55
4.05	0.08	0.52	1.55
4.05	0.08	0.52	1.55
4.05	0.08	0.52	1.55
4.04	0.08	0.55	1.06
4.04	0.08	0.55	1.06
4.04	0.08	0.55	1.06
4.04	0.08	0.55	1.06
4.04	0.08	0.55	1.08
4.04	0.08	0.55	1.08
4.04	0.08	0.55	1.08
4.04	0.08	0.55	1.08
4.05	0.08	0.52	1.21
4.05	0.08	0.52	1.21
4.05	0.08	0.52	1.21
4.05	0.08	0.52	1.21
4.04	0.08	0.55	1.24
4.04	0.08	0.55	1.24
4.04	0.08	0.55	1.24
4.04	0.08	0.55	1.24
4.06	0.11	0.67	1.56
4.06	0.11	0.67	1.56
4.06	0.11	0.67	1.56
4.06	0.11	0.67	1.56
4.05	0.10	0.67	1.56
4.05	0.10	0.67	1.56
4.05	0.10	0.67	1.56
4.05	0.10	0.67	1.56
4.05	0.14	0.67	1.42
4.05	0.14	0.67	1.42
4.05	0.14	0.67	1.42
4.05	0.14	0.67	1.42
4.05	0.11	0.68	1.43
4.05	0.11	0.68	1.43
4.05	0.11	0.68	1.43
4.05	0.11	0.68	1.43
4.46	0.09	0.78	2.61
4.46	0.09	0.78	2.61
4.46	0.09	0.78	2.61
4.46	0.09	0.78	2.61
4.06	0.09	0.70	2.08
4.06	0.09	0.70	2.08
4.06	0.09	0.70	2.08
4.06	0.09	0.70	2.08
4.06	0.10	0.67	1.39
4.06	0.10	0.67	1.39
4.06	0.10	0.67	1.39
4.06	0.10	0.67	1.39
4.05	0.10	0.68	1.59
4.05	0.10	0.68	1.59
4.05	0.10	0.68	1.59
4.05	0.10	0.68	1.59
4.07	0.10	0.67	1.37
4.07	0.10	0.67	1.37
4.07	0.10	0.67	1.37
4.07	0.10	0.67	1.37
4.06	0.10	0.67	1.39
4.06	0.10	0.67	1.39
4.06	0.10	0.67	1.39
4.06	0.10	0.67	1.39
4.05	0.10	0.68	1.83
4.05	0.10	0.68	1.83
4.05	0.10	0.68	1.83
4.05	0.10	0.68	1.83
4.05	0.12	0.67	1.53
4.05	0.12	0.67	1.53
4.05	0.12	0.67	1.53
4.05	0.12	0.67	1.53
0.69	0.12	0.60	1.45
0.69	0.12	0.60	1.45
0.69	0.12	0.60	1.45
0.69	0.12	0.60	1.45
4.56	0.44	1.01	2.43
4.56	0.44	1.01	2.43
4.56	0.44	1.01	2.43
4.56	0.44	1.01	2.43
3.97	0.08	0.37	0.89
3.97	0.08	0.37	0.89
3.97	0.08	0.37	0.89
3.97	0.08	0.37	0.89
1.03	0.14	0.81	14.00
1.03	0.14	0.81	14.00
1.03	0.14	0.81	14.00
1.03	0.14	0.81	14.00
4.25	0.15	0.69	1.58
4.25	0.15	0.69	1.58
4.25	0.15	0.69	1.58
4.25	0.15	0.69	1.58
8.07	0.15	0.61	2.00
8.07	0.15	0.61	2.00
8.07	0.15	0.61	2.00
8.07	0.15	0.61	2.00
4.13	0.62	0.99	1.67
4.13	0.62	0.99	1.67
4.13	0.62	0.99	1.67
4.13	0.62	0.99	1.67
13.00	0.18	0.72	1.35
13.00	0.18	0.72	1.35
13.00	0.18	0.72	1.35
13.00	0.18	0.72	1.35
40.99	0.15	0.63	1.52
40.99	0.15	0.63	1.52
40.99	0.15	0.63	1.52
40.99	0.15	0.63	1.52
4.44	0.15	0.64	1.38
4.44	0.15	0.64	1.38
4.44	0.15	0.64	1.38
4.44	0.15	0.64	1.38
9.47	0.16	0.80	2.92
9.47	0.16	0.80	2.92
9.47	0.16	0.80	2.92
9.47	0.16	0.80	2.92
3.58	0.15	0.64	1.40
3.58	0.15	0.64	1.40
3.58	0.15	0.64	1.40
3.58	0.15	0.64	1.40
6.09	0.17	0.86	1.96
6.09	0.17	0.86	1.96
6.09	0.17	0.86	1.96
6.09	0.17	0.86	1.96
4.08	0.18	1.91	2.48
4.08	0.18	1.91	2.48
4.08	0.18	1.91	2.48
4.08	0.18	1.91	2.48
4.16	0.17	2.30	2.41
4.16	0.17	2.30	2.41
4.16	0.17	2.30	2.41
4.16	0.17	2.30	2.41
7.23	0.16	0.76	3.40
7.23	0.16	0.76	3.40
7.23	0.16	0.76	3.40
7.23	0.16	0.76	3.40
4.39	0.21	0.73	10.78
4.39	0.21	0.73	10.78
4.39	0.21	0.73	10.78
4.39	0.21	0.73	10.78
8.91	0.11	1.18	4.95
8.91	0.11	1.18	4.95
8.91	0.11	1.18	4.95
8.91	0.11	1.18	4.95
4.10	0.11	0.72	3.44
4.10	0.11	0.72	3.44
4.10	0.11	0.72	3.44
4.10	0.11	0.72	3.44
5.01	0.11	0.80	3.64
5.01	0.11	0.80	3.64
5.01	0.11	0.80	3.64
5.01	0.11	0.80	3.64
4.05	0.10	0.84	5.79
4.05	0.10	0.84	5.79
4.05	0.10	0.84	5.79
4.05	0.10	0.84	5.79
4.06	0.11	0.70	8.46
4.06	0.11	0.70	8.46
4.06	0.11	0.70	8.46
4.06	0.11	0.70	8.46
4.10	0.11	0.68	4.71
4.10	0.11	0.68	4.71
4.10	0.11	0.68	4.71
4.10	0.11	0.68	4.71
4.67	0.10	0.69	5.01
4.67	0.10	0.69	5.01
4.67	0.10	0.69	5.01
4.67	0.10	0.69	5.01
4.08	0.10	0.76	1.65
4.08	0.10	0.76	1.65
4.08	0.10	0.76	1.65
4.08	0.10	0.76	1.65
4.21	0.12	0.84	2.06
4.21	0.12	0.84	2.06
4.21	0.12	0.84	2.06
4.21	0.12	0.84	2.06
4.49	0.36	0.74	3.75
4.49	0.36	0.74	3.75
4.49	0.36	0.74	3.75
4.49	0.36	0.74	3.75
4.10	0.11	0.75	4.02
4.10	0.11	0.75	4.02
4.10	0.11	0.75	4.02
4.10	0.11	0.75	4.02
4.08	0.10	0.69	2.27
4.08	0.10	0.69	2.27
4.08	0.10	0.69	2.27
4.08	0.10	0.69	2.27
4.07	0.10	0.67	1.68
4.07	0.10	0.67	1.68
4.07	0.10	0.67	1.68
4.07	0.10	0.67	1.68
4.27	0.11	2.49	1.83
4.27	0.11	2.49	1.83
4.27	0.11	2.49	1.83
4.27	0.11	2.49	1.83
4.25	0.10	0.74	2.12
4.25	0.10	0.74	2.12
4.25	0.10	0.74	2.12
4.25	0.10	0.74	2.12
8.89	0.10	0.83	2.09
8.89	0.10	0.83	2.09
8.89	0.10	0.83	2.09
8.89	0.10	0.83	2.09
4.10	0.16	0.73	3.47
4.10	0.16	0.73	3.47
4.10	0.16	0.73	3.47
4.10	0.16	0.73	3.47
4.06	0.13	0.69	1.77
4.06	0.13	0.69	1.77
4.06	0.13	0.69	1.77
4.06	0.13	0.69	1.77
4.66	0.11	0.75	2.00
4.66	0.11	0.75	2.00
4.66	0.11	0.75	2.00
4.66	0.11	0.75	2.00
4.10	0.11	0.67	1.71
4.10	0.11	0.67	1.71
4.10	0.11	0.67	1.71
4.10	0.11	0.67	1.71
4.13	0.11	0.68	1.69
4.13	0.11	0.68	1.69
4.13	0.11	0.68	1.69
4.13	0.11	0.68	1.69
4.10	0.11	0.82	1.77
4.10	0.11	0.82	1.77
4.10	0.11	0.82	1.77
4.10	0.11	0.82	1.77
8.96	0.11	0.75	1.34
8.96	0.11	0.75	1.34
8.96	0.11	0.75	1.34
8.96	0.11	0.75	1.34
4.60	0.10	1.14	3.61
4.60	0.10	1.14	3.61
4.60	0.10	1.14	3.61
4.60	0.10	1.14	3.61
4.11	0.16	0.68	2.10
4.11	0.16	0.68	2.10
4.11	0.16	0.68	2.10
4.11	0.16	0.68	2.10
4.09	0.49	0.87	2.00
4.09	0.49	0.87	2.00
4.09	0.49	0.87	2.00
4.09	0.49	0.87	2.00
4.07	0.28	0.79	3.66
4.07	0.28	0.79	3.66
4.07	0.28	0.79	3.66
4.07	0.28	0.79	3.66
0.80	0.20	1.69	1.40
0.80	0.20	1.69	1.40
0.80	0.20	1.69	1.40
0.80	0.20	1.69	1.40
2.19	0.29	0.82	1.66
2.19	0.29	0.82	1.66
2.19	0.29	0.82	1.66
2.19	0.29	0.82	1.66
9.72	0.10	0.69	2.49
9.72	0.10	0.69	2.49
9.72	0.10	0.69	2.49
9.72	0.10	0.69	2.49
4.11	0.10	0.82	3.90
4.11	0.10	0.82	3.90
4.11	0.10	0.82	3.90
4.11	0.10	0.82	3.90
4.20	0.17	0.85	10.52
4.20	0.17	0.85	10.52
4.20	0.17	0.85	10.52
4.20	0.17	0.85	10.52
4.10	0.10	2.51	4.01
4.10	0.10	2.51	4.01
4.10	0.10	2.51	4.01
4.10	0.10	2.51	4.01
3.81	0.15	0.68	1.88
3.81	0.15	0.68	1.88
3.81	0.15	0.68	1.88
3.81	0.15	0.68	1.88
9.05	0.11	2.43	3.23
9.05	0.11	2.43	3.23
9.05	0.11	2.43	3.23
9.05	0.11	2.43	3.23
4.64	0.10	0.81	6.13
4.64	0.10	0.81	6.13
4.64	0.10	0.81	6.13
4.64	0.10	0.81	6.13
9.35	0.10	0.72	1.77
9.35	0.10	0.72	1.77
9.35	0.10	0.72	1.77
9.35	0.10	0.72	1.77
4.07	0.11	0.96	8.60
4.07	0.11	0.96	8.60
4.07	0.11	0.96	8.60
4.07	0.11	0.96	8.60
4.57	0.12	0.74	12.02
4.57	0.12	0.74	12.02
4.57	0.12	0.74	12.02
4.57	0.12	0.74	12.02
6.30	0.13	0.90	12.60
6.30	0.13	0.90	12.60
6.30	0.13	0.90	12.60
6.30	0.13	0.90	12.60
4.01	0.12	0.85	5.39
4.01	0.12	0.85	5.39
4.01	0.12	0.85	5.39
4.01	0.12	0.85	5.39
4.25	0.12	1.64	23.08
4.25	0.12	1.64	23.08
4.25	0.12	1.64	23.08
4.25	0.12	1.64	23.08
12.76	0.11	0.77	2.86
12.76	0.11	0.77	2.86
12.76	0.11	0.77	2.86
12.76	0.11	0.77	2.86
4.07	0.11	0.83	2.64
4.07	0.11	0.83	2.64
4.07	0.11	0.83	2.64
4.07	0.11	0.83	2.64
4.07	0.11	0.96	9.56
4.07	0.11	0.96	9.56
4.07	0.11	0.96	9.56
4.07	0.11	0.96	9.56
4.13	0.12	0.78	2.16
4.13	0.12	0.78	2.16
4.13	0.12	0.78	2.16
4.13	0.12	0.78	2.16
5.38	0.11	0.70	5.43
5.38	0.11	0.70	5.43
5.38	0.11	0.70	5.43
5.38	0.11	0.70	5.43
4.06	0.06	0.52	2.30
4.06	0.06	0.52	2.30
4.06	0.06	0.52	2.30
4.06	0.06	0.52	2.30
4.05	0.06	0.44	1.27
4.05	0.06	0.44	1.27
4.05	0.06	0.44	1.27
4.05	0.06	0.44	1.27
4.04	0.06	0.47	3.48
4.04	0.06	0.47	3.48
4.04	0.06	0.47	3.48
4.04	0.06	0.47	3.48
4.05	0.53	0.50	1.91
4.05	0.53	0.50	1.91
4.05	0.53	0.50	1.91
4.05	0.53	0.50	1.91
5.70	0.37	1.48	1.40
5.70	0.37	1.48	1.40
5.70	0.37	1.48	1.40
5.70	0.37	1.48	1.40
4.03	0.09	0.46	1.00
4.03	0.09	0.46	1.00
4.03	0.09	0.46	1.00
4.03	0.09	0.46	1.00
4.04	0.05	0.49	1.15
4.04	0.05	0.49	1.15
4.04	0.05	0.49	1.15
4.04	0.05	0.49	1.15
4.04	0.07	0.41	1.89
4.04	0.07	0.41	1.89
4.04	0.07	0.41	1.89
4.04	0.07	0.41	1.89
4.06	0.07	0.56	3.63
4.06	0.07	0.56	3.63
4.06	0.07	0.56	3.63
4.06	0.07	0.56	3.63
4.03	0.04	0.36	1.00
4.03	0.04	0.36	1.00
4.03	0.04	0.36	1.00
4.03	0.04	0.36	1.00
4.05	0.05	0.42	1.45
4.05	0.05	0.42	1.45
4.05	0.05	0.42	1.45
4.05	0.05	0.42	1.45
4.02	0.04	0.33	1.38
4.02	0.04	0.33	1.38
4.02	0.04	0.33	1.38
4.02	0.04	0.33	1.38
4.05	0.10	1.00	1.54
4.05	0.10	1.00	1.54
4.05	0.10	1.00	1.54
4.05	0.10	1.00	1.54
4.06	0.10	0.68	1.36
4.06	0.10	0.68	1.36
4.06	0.10	0.68	1.36
4.06	0.10	0.68	1.36
4.05	0.13	0.69	1.27
4.05	0.13	0.69	1.27
4.05	0.13	0.69	1.27
4.05	0.13	0.69	1.27
0.61	0.11	0.62	1.75
0.61	0.11	0.62	1.75
0.61	0.11	0.62	1.75
0.61	0.11	0.62	1.75
21.56	0.04	3.25	1.80
21.56	0.04	3.25	1.80
21.56	0.04	3.25	1.80
21.56	0.04	3.25	1.80
0.92	0.06	0.28	5.37
0.92	0.06	0.28	5.37
0.92	0.06	0.28	5.37
0.92	0.06	0.28	5.37
